   1.00000000000000       -1.54946634916661       2.244841666665112E-003  8.924746904170888E-002  8.110562806502252E-003  0.993469791666628       2.198769305481463E-002
   1.01000000000000       -1.54817860333328       2.347949999998372E-003  9.481496840502193E-002  8.710211796041178E-003  0.992949266666600       2.390750753670531E-002
   1.02000000000000       -1.54683944833326       2.448166666664972E-003  0.100280321375487       9.328253529412680E-003  0.992406283333253       2.581685076751730E-002
   1.03000000000000       -1.54542159666661       2.558008333331560E-003  0.106019465851413       1.004541172799795E-002  0.991826924999920       2.786094939894171E-002
   1.04000000000000       -1.54392136416659       2.668274999998153E-003  0.112647282728575       1.077252287677088E-002  0.991208524999928       3.022442746772965E-002
   1.05000000000000       -1.54234708499996       2.781391666664744E-003  0.119407070531732       1.146991900175822E-002  0.990553191666600       3.273603088541473E-002
   1.06000000000000       -1.54069228666660       2.897916666664665E-003  0.125857165267726       1.229741155661952E-002  0.989861299999962       3.520795173368493E-002
   1.07000000000000       -1.53893236249995       3.026091666664578E-003  0.133411100448377       1.328320511512888E-002  0.989117974999981       3.821145698374352E-002
   1.08000000000000       -1.53707920749993       3.156791666664489E-003  0.141401888417748       1.425840984184561E-002  0.988328641666664       4.144305196450580E-002
   1.09000000000000       -1.53513229249996       3.280533333331058E-003  0.147763092073235       1.514205735538106E-002  0.987496616666685       4.442572293256633E-002
   1.10000000000000       -1.53309561083328       3.417674999997635E-003  0.155645161439839       1.619088869079160E-002  0.986619541666715       4.774059283387608E-002
   1.11000000000000       -1.53097433333328       3.553908333330875E-003  0.163974445138895       1.731977357946655E-002  0.985698241666740       5.134259675788111E-002
   1.12000000000000       -1.52870917166664       3.704333333330756E-003  0.173407376462349       1.853639428575484E-002  0.984707550000067       5.540991105517407E-002
   1.13000000000000       -1.52636652999995       3.844441666663989E-003  0.182509497039877       1.975374087187151E-002  0.983675375000080       5.960669604176470E-002
   1.14000000000000       -1.52389538999998       3.997333333330556E-003  0.191639104592687       2.116761660823149E-002  0.982574166666752       6.410412009403756E-002
   1.15000000000000       -1.52131535249999       4.149499999997120E-003  0.201598310883065       2.248651542033667E-002  0.981421416666770       6.897719800159485E-002
   1.16000000000000       -1.51858266999994       4.309841666663671E-003  0.212072740372283       2.394027489070929E-002  0.980182091666761       7.437882552621965E-002
   1.17000000000000       -1.51571283416664       4.475474999996894E-003  0.222104800186377       2.555867218680219E-002  0.978870308333438       7.980449640289414E-002
   1.18000000000000       -1.51268930083330       4.649808333330106E-003  0.233736472557026       2.726369597053038E-002  0.977470208333429       8.624309484189138E-002
   1.19000000000000       -1.50957185999994       4.820708333329984E-003  0.245900495016227       2.891212952036020E-002  0.976016341666739       9.303078538225598E-002
   1.20000000000000       -1.50627959166661       4.999374999996517E-003  0.258033214143675       3.075626310769554E-002  0.974465375000049       0.100025948597038
   1.21000000000000       -1.50285245416661       5.196033333330117E-003  0.271726486719369       3.285556768931281E-002  0.972831650000061       0.108127398518920
   1.22000000000000       -1.49928361916662       5.374983333330949E-003  0.285805904094630       3.501464207599789E-002  0.971118483333362       0.116551902125408
   1.23000000000000       -1.49551727583328       5.575316666665102E-003  0.299470998818681       3.707690441141096E-002  0.969286583333352       0.125372401590574
   1.24000000000000       -1.49153805083330       5.783991666665897E-003  0.314699304131643       3.973151098912826E-002  0.967318758333325       0.135789795463184
   1.25000000000000       -1.48741922666662       6.002316666666646E-003  0.329535014951261       4.239237369546810E-002  0.965268716666639       0.146040185859064
   1.26000000000000       -1.48311201083332       6.210583333333980E-003  0.347050239800079       4.517894538358886E-002  0.963108049999967       0.158120497630336
   1.27000000000000       -1.47861215916664       6.453233333334717E-003  0.366412368220841       4.803265425929278E-002  0.960816083333282       0.172206156802284
   1.28000000000000       -1.47386281833332       6.685158333335326E-003  0.384306815771548       5.087208021337388E-002  0.958375524999944       0.185682352413577
   1.29000000000000       -1.46893540583328       6.909158333335876E-003  0.404115069838730       5.399260312643898E-002  0.955798708333282       0.201799177805467
   1.30000000000000       -1.46378037083330       7.174758333336473E-003  0.424978202607909       5.746500476390889E-002  0.953081008333299       0.218310420748730
   1.31000000000000       -1.45835858666663       7.438708333337075E-003  0.449723298021701       6.128076386441798E-002  0.950173441666627       0.238708742822467
   1.32000000000000       -1.45274317249994       7.704916666670902E-003  0.473542419106945       6.508749140140759E-002  0.947123683333299       0.259361660877437
   1.33000000000000       -1.44687165749998       7.973191666671252E-003  0.498422367593990       6.913253018922372E-002  0.943890458333309       0.282151191456417
   1.34000000000000       -1.44056687333331       8.277925000005106E-003  0.526786561728351       7.371339437784016E-002  0.940343791666665       0.308304070091833
   1.35000000000000       -1.43413601583329       8.581891666672175E-003  0.552849356966132       7.852368519378165E-002  0.936698925000011       0.334462285632695
   1.36000000000000       -1.42738294333330       8.870650000005868E-003  0.577171866599067       8.323259650912486E-002  0.932812316666666       0.362261715526988
   1.37000000000000       -1.42025979833330       9.174383333339546E-003  0.605368705004195       8.784977402947643E-002  0.928659016666693       0.391928588281636
   1.38000000000000       -1.41285400749996       9.483258333339796E-003  0.634315298222895       9.288794491752995E-002  0.924286175000020       0.424137661157284
   1.39000000000000       -1.40511651749998       9.806525000006765E-003  0.675524017421360       0.100130056463906       0.919596408333355       0.469286155444871
   1.40000000000000       -1.39689862166664       1.018956666667376E-002  0.712261332663166       0.107049277201652       0.914541950000011       0.515209968719026
   1.41000000000000       -1.38828730499998       1.056712500000732E-002  0.755585042616866       0.114049741958966       0.909131575000003       0.570233234748698
   1.42000000000000       -1.37920479999997       1.089878333334074E-002  0.803775443061723       0.120895060408669       0.903307550000002       0.629451317555412
   1.43000000000000       -1.36970668333330       1.132710000000770E-002  0.846610422755817       0.129521515209061       0.897135966666668       0.694145303782956
   1.44000000000000       -1.35946345999996       1.170917500000763E-002  0.908298594919191       0.136768805532039       0.890247774999991       0.784903061041102
   1.45000000000000       -1.34862440500000       1.217352500000792E-002  0.970297173100758       0.145697662375715       0.882757774999991       0.878090442323213
   1.46000000000000       -1.33739158166664       1.263519166667460E-002   1.03497409236957       0.156583506195063       0.874801058333312       0.993733627735791
   1.47000000000000       -1.32551770249997       1.317583333334109E-002   1.10200897235298       0.167644896825148       0.866356583333338        1.10331934405590
   1.48000000000000       -1.31247745583331       1.363101666667462E-002   1.18574656149695       0.179674452557843       0.856584883333325        1.26925208160468
   1.49000000000000       -1.29928164166667       1.416840000000785E-002   1.28696191980679       0.190995655115625       0.846534600000005        1.46433177183290
   1.50000000000000       -1.28442441916666       1.461918333334140E-002   1.37800970278121       0.204846899199296       0.834785466666663        1.66763191628938
   1.51000000000000       -1.26797148166667       1.533828333334117E-002   1.53918902255709       0.222994429046553       0.821050650000000        2.03426125149171
   1.52000000000000       -1.25054289666666       1.602999166667441E-002   1.69781641144548       0.239228463508424       0.806075958333326        2.43255745808173
   1.53000000000000       -1.23100235499999       1.676598333334078E-002   1.90808668232852       0.262732740879504       0.788363500000007        3.03619201484003
   1.54000000000000       -1.20911151499999       1.758470833334098E-002   2.23242102614669       0.284349758958073       0.767371475000002        4.01347883459417
   1.55000000000000       -1.18238614083333       1.854089166667393E-002   2.68288630584126       0.317240896919209       0.739471125000001        5.66449549399516
   1.56000000000000       -1.14604314750000       1.993862500000710E-002   4.55564863403011       0.368325091535519       0.693290341666667        16.2681850090527
   1.57000000000000       -1.07714405499999       2.244050000000683E-002   9.87629419677680       0.473994736772328       0.575431366666652        62.7890364212842
   1.58000000000000      -0.981837590000001       2.562306666667310E-002   9.74372502115885       0.599403390946241       0.383235583333333        85.2793729121336
   1.59000000000000      -0.911735169999987       2.767900833333902E-002   4.42347957407280       0.669777826691152       0.213579625000001        52.8726018241058
   1.60000000000000      -0.882754552499999       2.837762500000641E-002   1.29435956487404       0.692062838621769       0.140553808333338        21.7327291840737
   1.61000000000000      -0.873487514166666       2.843375833333896E-002  0.815395698206790       0.686383423746757       0.117556858333336        14.7513447149727
   1.62000000000000      -0.867488841666662       2.813291666667260E-002  0.630969564775025       0.672016193157848       0.108324716666669        11.7622371945286
   1.63000000000000      -0.861470799166672       2.799875000000558E-002  0.469111987745322       0.656553862729517       9.448870000000345E-002   8.39486112896100
   1.64000000000000      -0.856889152500002       2.786191666667264E-002  0.409320491601476       0.646754881615300       8.689570000000402E-002   6.81014475911769
   1.65000000000000      -0.852704084166670       2.773706666667256E-002  0.377936635904361       0.636474637504087       8.219026666666952E-002   6.01893381209658
   1.66000000000000      -0.849227915833343       2.748052500000556E-002  0.357186589928229       0.618909983777716       7.877454166666874E-002   5.42201742238520
   1.67000000000000      -0.845337430833343       2.761006666667223E-002  0.338169608483443       0.626934386100880       7.423231666666917E-002   4.76583278813324
   1.68000000000000      -0.841975752499989       2.739985833333924E-002  0.323585681021929       0.611334850367614       7.146032500000363E-002   4.33915448341843
   1.69000000000000      -0.838531280833321       2.726392500000565E-002  0.313493931861959       0.601184592480649       6.769657500000370E-002   3.88727773757993
   1.70000000000000      -0.835589519999994       2.730616666667226E-002  0.299077754713892       0.597003487489683       6.634931666666959E-002   3.61469529031964
   1.71000000000000      -0.832514301666664       2.704614166667299E-002  0.293733842236452       0.587695933881577       6.458704166666958E-002   3.41030259278367
   1.72000000000000      -0.829411685000009       2.700114166667256E-002  0.284496036282203       0.576679740428835       6.244625833333618E-002   3.17954504945598
   1.73000000000000      -0.826732467500005       2.671355833333905E-002  0.279035063122482       0.565217036306903       6.178554166666906E-002   3.05310634005430
   1.74000000000000      -0.823477123333329       2.662320833333935E-002  0.274153632478432       0.558716657449214       5.949299166667026E-002   2.84216496864998
   1.75000000000000      -0.820862096666662       2.678760833333945E-002  0.267711526464464       0.560403168840532       5.815447500000318E-002   2.67166293710673
   1.76000000000000      -0.818016659166660       2.670598333333885E-002  0.260482391038104       0.556111831484023       5.714068333333709E-002   2.60370488996823
   1.77000000000000      -0.815137760000004       2.634764166667287E-002  0.256240112969538       0.537510763832918       5.536137500000345E-002   2.40663169272741
   1.78000000000000      -0.812507777500000       2.633106666667253E-002  0.250567208688176       0.535940427529109       5.443265000000317E-002   2.28504105255308
   1.79000000000000      -0.809983320833322       2.642591666667216E-002  0.247453502361812       0.532033740027482       5.400925000000371E-002   2.27447599328582
   1.80000000000000      -0.807370444166674       2.622556666667261E-002  0.243948977625635       0.520598833645462       5.265875000000271E-002   2.15616536087883
