           1  -1.5000000000000000        0.0000000000000000     
           2  -1.4984999999999999        0.0000000000000000     
           3  -1.4970000000000001        0.0000000000000000     
           4  -1.4955000000000001        0.0000000000000000     
           5  -1.4940000000000000        0.0000000000000000     
           6  -1.4924999999999999        0.0000000000000000     
           7  -1.4910000000000001        0.0000000000000000     
           8  -1.4895000000000000        0.0000000000000000     
           9  -1.4880000000000000        0.0000000000000000     
          10  -1.4864999999999999        0.0000000000000000     
          11  -1.4850000000000001        0.0000000000000000     
          12  -1.4835000000000000        0.0000000000000000     
          13  -1.4820000000000000        0.0000000000000000     
          14  -1.4804999999999999        0.0000000000000000     
          15  -1.4790000000000001        0.0000000000000000     
          16  -1.4775000000000000        0.0000000000000000     
          17  -1.4760000000000000        0.0000000000000000     
          18  -1.4744999999999999        0.0000000000000000     
          19  -1.4730000000000001        0.0000000000000000     
          20  -1.4715000000000000        0.0000000000000000     
          21  -1.4700000000000000        0.0000000000000000     
          22  -1.4684999999999999        0.0000000000000000     
          23  -1.4670000000000001        0.0000000000000000     
          24  -1.4655000000000000        0.0000000000000000     
          25  -1.4640000000000000        0.0000000000000000     
          26  -1.4624999999999999        0.0000000000000000     
          27  -1.4610000000000001        0.0000000000000000     
          28  -1.4595000000000000        0.0000000000000000     
          29  -1.4580000000000000        0.0000000000000000     
          30  -1.4564999999999999        0.0000000000000000     
          31  -1.4550000000000001        0.0000000000000000     
          32  -1.4535000000000000        0.0000000000000000     
          33  -1.4520000000000000        0.0000000000000000     
          34  -1.4504999999999999        0.0000000000000000     
          35  -1.4490000000000001       4.99999999999999977E-007
          36  -1.4475000000000000       9.99999999999999955E-007
          37  -1.4460000000000000        0.0000000000000000     
          38  -1.4444999999999999        0.0000000000000000     
          39  -1.4430000000000001        0.0000000000000000     
          40  -1.4415000000000000        0.0000000000000000     
          41  -1.4399999999999999       4.99999999999999977E-007
          42  -1.4384999999999999        0.0000000000000000     
          43  -1.4370000000000001       9.99999999999999955E-007
          44  -1.4355000000000000        0.0000000000000000     
          45  -1.4339999999999999       9.99999999999999955E-007
          46  -1.4325000000000001       4.99999999999999977E-007
          47  -1.4310000000000000       1.50000000000000004E-006
          48  -1.4295000000000000        0.0000000000000000     
          49  -1.4279999999999999       9.99999999999999955E-007
          50  -1.4265000000000001       9.99999999999999955E-007
          51  -1.4250000000000000       1.50000000000000004E-006
          52  -1.4235000000000000        0.0000000000000000     
          53  -1.4219999999999999       9.99999999999999955E-007
          54  -1.4205000000000001       9.99999999999999955E-007
          55  -1.4190000000000000       9.99999999999999955E-007
          56  -1.4175000000000000       1.99999999999999991E-006
          57  -1.4159999999999999       9.99999999999999955E-007
          58  -1.4145000000000001       3.49999999999999995E-006
          59  -1.4130000000000000       2.50000000000000020E-006
          60  -1.4115000000000000       1.99999999999999991E-006
          61  -1.4099999999999999       1.99999999999999991E-006
          62  -1.4085000000000001       2.50000000000000020E-006
          63  -1.4070000000000000       3.99999999999999982E-006
          64  -1.4055000000000000       6.00000000000000015E-006
          65  -1.4039999999999999       3.49999999999999995E-006
          66  -1.4025000000000001       6.99999999999999989E-006
          67  -1.4010000000000000       6.00000000000000015E-006
          68  -1.3995000000000000       1.09999999999999997E-005
          69  -1.3979999999999999       6.49999999999999960E-006
          70  -1.3965000000000001       1.29999999999999992E-005
          71  -1.3950000000000000       1.00000000000000008E-005
          72  -1.3935000000000000       9.00000000000000023E-006
          73  -1.3919999999999999       1.39999999999999998E-005
          74  -1.3905000000000001       1.45000000000000001E-005
          75  -1.3890000000000000       1.80000000000000005E-005
          76  -1.3875000000000000       1.29999999999999992E-005
          77  -1.3859999999999999       2.09999999999999988E-005
          78  -1.3845000000000001       2.00000000000000016E-005
          79  -1.3830000000000000       2.05000000000000002E-005
          80  -1.3815000000000000       2.40000000000000006E-005
          81  -1.3799999999999999       3.19999999999999986E-005
          82  -1.3785000000000001       3.39999999999999997E-005
          83  -1.3770000000000000       3.39999999999999997E-005
          84  -1.3754999999999999       4.35000000000000003E-005
          85  -1.3740000000000001       3.74999999999999967E-005
          86  -1.3725000000000001       5.25000000000000022E-005
          87  -1.3710000000000000       5.34999999999999994E-005
          88  -1.3694999999999999       6.65000000000000037E-005
          89  -1.3680000000000001       6.70000000000000023E-005
          90  -1.3665000000000000       6.15000000000000041E-005
          91  -1.3650000000000000       8.55000000000000047E-005
          92  -1.3634999999999999       8.60000000000000033E-005
          93  -1.3620000000000001       1.02999999999999996E-004
          94  -1.3605000000000000       1.03999999999999994E-004
          95  -1.3590000000000000       1.05500000000000003E-004
          96  -1.3574999999999999       1.40500000000000000E-004
          97  -1.3560000000000001       1.35000000000000002E-004
          98  -1.3545000000000000       1.66999999999999994E-004
          99  -1.3530000000000000       1.69500000000000000E-004
         100  -1.3514999999999999       1.86500000000000007E-004
         101  -1.3500000000000001       1.96999999999999991E-004
         102  -1.3485000000000000       2.07500000000000002E-004
         103  -1.3470000000000000       2.30000000000000007E-004
         104  -1.3454999999999999       2.40000000000000006E-004
         105  -1.3440000000000001       2.59500000000000019E-004
         106  -1.3425000000000000       2.94500000000000003E-004
         107  -1.3410000000000000       3.24499999999999973E-004
         108  -1.3394999999999999       3.46000000000000008E-004
         109  -1.3380000000000001       3.88500000000000011E-004
         110  -1.3365000000000000       4.30500000000000002E-004
         111  -1.3350000000000000       4.19500000000000005E-004
         112  -1.3334999999999999       4.66500000000000009E-004
         113  -1.3320000000000001       5.15000000000000050E-004
         114  -1.3305000000000000       5.18499999999999972E-004
         115  -1.3290000000000000       5.55000000000000046E-004
         116  -1.3274999999999999       5.99499999999999989E-004
         117  -1.3260000000000001       6.67999999999999974E-004
         118  -1.3245000000000000       7.06999999999999946E-004
         119  -1.3230000000000000       7.76499999999999955E-004
         120  -1.3214999999999999       8.25499999999999953E-004
         121  -1.3200000000000001       8.67999999999999956E-004
         122  -1.3185000000000000       8.94999999999999962E-004
         123  -1.3169999999999999       9.31500000000000036E-004
         124  -1.3154999999999999       1.02049999999999992E-003
         125  -1.3140000000000001       1.02950000000000003E-003
         126  -1.3125000000000000       1.13999999999999995E-003
         127  -1.3109999999999999       1.18549999999999992E-003
         128  -1.3095000000000001       1.21300000000000010E-003
         129  -1.3080000000000001       1.35350000000000010E-003
         130  -1.3065000000000000       1.38700000000000000E-003
         131  -1.3049999999999999       1.50949999999999999E-003
         132  -1.3035000000000001       1.58200000000000007E-003
         133  -1.3020000000000000       1.67850000000000009E-003
         134  -1.3005000000000000       1.67599999999999997E-003
         135  -1.2989999999999999       1.74850000000000005E-003
         136  -1.2975000000000001       1.90550000000000008E-003
         137  -1.2960000000000000       2.01600000000000000E-003
         138  -1.2945000000000000       2.13700000000000001E-003
         139  -1.2929999999999999       2.21300000000000012E-003
         140  -1.2915000000000001       2.31849999999999981E-003
         141  -1.2900000000000000       2.35499999999999989E-003
         142  -1.2885000000000000       2.45500000000000015E-003
         143  -1.2869999999999999       2.65849999999999984E-003
         144  -1.2855000000000001       2.70399999999999981E-003
         145  -1.2840000000000000       2.84600000000000001E-003
         146  -1.2825000000000000       2.92500000000000008E-003
         147  -1.2809999999999999       3.18499999999999990E-003
         148  -1.2795000000000001       3.19050000000000019E-003
         149  -1.2780000000000000       3.30400000000000008E-003
         150  -1.2765000000000000       3.44599999999999984E-003
         151  -1.2749999999999999       3.50899999999999997E-003
         152  -1.2735000000000001       3.63599999999999991E-003
         153  -1.2720000000000000       3.77150000000000011E-003
         154  -1.2705000000000000       3.99750000000000019E-003
         155  -1.2689999999999999       4.05900000000000011E-003
         156  -1.2675000000000001       4.20449999999999990E-003
         157  -1.2660000000000000       4.36549999999999959E-003
         158  -1.2645000000000000       4.46250000000000032E-003
         159  -1.2629999999999999       4.64499999999999982E-003
         160  -1.2615000000000001       4.82300000000000003E-003
         161  -1.2600000000000000       4.87899999999999966E-003
         162  -1.2585000000000000       5.00800000000000030E-003
         163  -1.2569999999999999       5.17899999999999958E-003
         164  -1.2555000000000001       5.23700000000000034E-003
         165  -1.2540000000000000       5.47350000000000007E-003
         166  -1.2524999999999999       5.61250000000000030E-003
         167  -1.2509999999999999       5.78250000000000031E-003
         168  -1.2495000000000001       5.81749999999999975E-003
         169  -1.2480000000000000       6.10050000000000002E-003
         170  -1.2464999999999999       6.13999999999999962E-003
         171  -1.2450000000000001       6.20799999999999998E-003
         172  -1.2435000000000000       6.41200000000000016E-003
         173  -1.2420000000000000       6.53600000000000014E-003
         174  -1.2404999999999999       6.82799999999999987E-003
         175  -1.2390000000000001       6.75599999999999985E-003
         176  -1.2375000000000000       6.95050000000000008E-003
         177  -1.2360000000000000       7.04649999999999981E-003
         178  -1.2344999999999999       7.15350000000000014E-003
         179  -1.2330000000000001       7.33900000000000004E-003
         180  -1.2315000000000000       7.40500000000000012E-003
         181  -1.2300000000000000       7.56300000000000028E-003
         182  -1.2284999999999999       7.72399999999999996E-003
         183  -1.2270000000000001       7.70749999999999994E-003
         184  -1.2255000000000000       7.84550000000000004E-003
         185  -1.2240000000000000       7.88849999999999968E-003
         186  -1.2224999999999999       8.02250000000000012E-003
         187  -1.2210000000000001       8.08449999999999967E-003
         188  -1.2195000000000000       8.16599999999999965E-003
         189  -1.2180000000000000       8.22950000000000070E-003
         190  -1.2164999999999999       8.41850000000000064E-003
         191  -1.2150000000000001       8.50899999999999920E-003
         192  -1.2135000000000000       8.51750000000000076E-003
         193  -1.2120000000000000       8.56600000000000070E-003
         194  -1.2104999999999999       8.61549999999999989E-003
         195  -1.2090000000000001       8.64149999999999988E-003
         196  -1.2075000000000000       8.79800000000000026E-003
         197  -1.2060000000000000       8.70600000000000020E-003
         198  -1.2044999999999999       8.87899999999999974E-003
         199  -1.2030000000000001       8.85350000000000026E-003
         200  -1.2015000000000000       9.03050000000000033E-003
         201  -1.2000000000000000       8.95600000000000042E-003
         202  -1.1984999999999999       8.97749999999999937E-003
         203  -1.1970000000000001       9.00199999999999959E-003
         204  -1.1955000000000000       9.04950000000000025E-003
         205  -1.1940000000000000       9.01749999999999947E-003
         206  -1.1924999999999999       9.05700000000000081E-003
         207  -1.1910000000000001       9.07849999999999976E-003
         208  -1.1895000000000000       8.86200000000000009E-003
         209  -1.1879999999999999       9.16600000000000054E-003
         210  -1.1865000000000001       8.98400000000000067E-003
         211  -1.1850000000000001       9.02299999999999977E-003
         212  -1.1835000000000000       8.97000000000000054E-003
         213  -1.1819999999999999       8.98149999999999990E-003
         214  -1.1805000000000001       8.84300000000000017E-003
         215  -1.1790000000000000       8.97300000000000007E-003
         216  -1.1775000000000000       8.93949999999999953E-003
         217  -1.1759999999999999       8.88899999999999933E-003
         218  -1.1745000000000001       8.80900000000000086E-003
         219  -1.1730000000000000       8.73250000000000068E-003
         220  -1.1715000000000000       8.89400000000000086E-003
         221  -1.1699999999999999       8.62450000000000022E-003
         222  -1.1685000000000001       8.53749999999999995E-003
         223  -1.1670000000000000       8.53199999999999965E-003
         224  -1.1655000000000000       8.52999999999999939E-003
         225  -1.1639999999999999       8.51700000000000026E-003
         226  -1.1625000000000001       8.42399999999999920E-003
         227  -1.1610000000000000       8.24650000000000036E-003
         228  -1.1595000000000000       8.22299999999999941E-003
         229  -1.1579999999999999       8.14950000000000049E-003
         230  -1.1565000000000001       8.03800000000000001E-003
         231  -1.1550000000000000       8.03650000000000024E-003
         232  -1.1535000000000000       7.97450000000000069E-003
         233  -1.1519999999999999       7.82000000000000056E-003
         234  -1.1505000000000001       7.84149999999999951E-003
         235  -1.1490000000000000       7.69750000000000035E-003
         236  -1.1475000000000000       7.58550000000000023E-003
         237  -1.1459999999999999       7.49800000000000032E-003
         238  -1.1445000000000001       7.33500000000000037E-003
         239  -1.1430000000000000       7.27600000000000035E-003
         240  -1.1415000000000000       7.11949999999999996E-003
         241  -1.1399999999999999       7.13350000000000008E-003
         242  -1.1385000000000001       7.08199999999999975E-003
         243  -1.1370000000000000       7.00600000000000007E-003
         244  -1.1355000000000000       6.92650000000000036E-003
         245  -1.1339999999999999       6.75749999999999962E-003
         246  -1.1325000000000001       6.54900000000000013E-003
         247  -1.1310000000000000       6.50249999999999960E-003
         248  -1.1294999999999999       6.46449999999999976E-003
         249  -1.1279999999999999       6.33249999999999959E-003
         250  -1.1265000000000001       6.27999999999999999E-003
         251  -1.1250000000000000       6.06250000000000018E-003
         252  -1.1234999999999999       6.04399999999999989E-003
         253  -1.1220000000000001       5.94049999999999960E-003
         254  -1.1205000000000001       5.76199999999999976E-003
         255  -1.1190000000000000       5.66550000000000040E-003
         256  -1.1174999999999999       5.61699999999999960E-003
         257  -1.1160000000000001       5.45849999999999981E-003
         258  -1.1145000000000000       5.38850000000000006E-003
         259  -1.1130000000000000       5.22050000000000031E-003
         260  -1.1114999999999999       5.09249999999999980E-003
         261  -1.1100000000000001       5.03249999999999965E-003
         262  -1.1085000000000000       4.95500000000000020E-003
         263  -1.1070000000000000       4.76950000000000030E-003
         264  -1.1054999999999999       4.71349999999999981E-003
         265  -1.1040000000000001       4.57399999999999994E-003
         266  -1.1025000000000000       4.47800000000000021E-003
         267  -1.1010000000000000       4.43650000000000034E-003
         268  -1.0994999999999999       4.27000000000000036E-003
         269  -1.0980000000000001       4.17499999999999989E-003
         270  -1.0965000000000000       4.03050000000000023E-003
         271  -1.0950000000000000       3.89850000000000006E-003
         272  -1.0934999999999999       3.82300000000000001E-003
         273  -1.0920000000000001       3.75900000000000019E-003
         274  -1.0905000000000000       3.62800000000000015E-003
         275  -1.0890000000000000       3.52600000000000005E-003
         276  -1.0874999999999999       3.42999999999999989E-003
         277  -1.0860000000000001       3.24649999999999982E-003
         278  -1.0845000000000000       3.16849999999999988E-003
         279  -1.0830000000000000       3.02700000000000018E-003
         280  -1.0814999999999999       2.93750000000000001E-003
         281  -1.0800000000000001       2.82050000000000009E-003
         282  -1.0785000000000000       2.81350000000000003E-003
         283  -1.0770000000000000       2.67599999999999999E-003
         284  -1.0754999999999999       2.54199999999999999E-003
         285  -1.0740000000000001       2.46850000000000021E-003
         286  -1.0725000000000000       2.41749999999999994E-003
         287  -1.0710000000000000       2.30750000000000009E-003
         288  -1.0694999999999999       2.23500000000000001E-003
         289  -1.0680000000000001       2.12400000000000002E-003
         290  -1.0665000000000000       1.99750000000000014E-003
         291  -1.0649999999999999       1.88750000000000007E-003
         292  -1.0634999999999999       1.84850000000000010E-003
         293  -1.0620000000000001       1.76749999999999997E-003
         294  -1.0605000000000000       1.67549999999999991E-003
         295  -1.0589999999999999       1.59049999999999990E-003
         296  -1.0575000000000001       1.47100000000000009E-003
         297  -1.0560000000000000       1.40700000000000005E-003
         298  -1.0545000000000000       1.35150000000000005E-003
         299  -1.0529999999999999       1.26350000000000008E-003
         300  -1.0515000000000001       1.21900000000000003E-003
         301  -1.0500000000000000       1.13199999999999998E-003
         302  -1.0485000000000000       1.08350000000000004E-003
         303  -1.0469999999999999       1.03650000000000009E-003
         304  -1.0455000000000001       9.38499999999999990E-004
         305  -1.0440000000000000       8.76000000000000043E-004
         306  -1.0425000000000000       8.54500000000000008E-004
         307  -1.0409999999999999       7.87000000000000048E-004
         308  -1.0395000000000001       7.33000000000000036E-004
         309  -1.0380000000000000       6.84499999999999996E-004
         310  -1.0365000000000000       6.20000000000000000E-004
         311  -1.0349999999999999       6.30499999999999984E-004
         312  -1.0335000000000001       5.28999999999999956E-004
         313  -1.0320000000000000       5.28499999999999998E-004
         314  -1.0305000000000000       4.69999999999999986E-004
         315  -1.0289999999999999       4.53999999999999976E-004
         316  -1.0275000000000001       4.00999999999999989E-004
         317  -1.0260000000000000       3.55999999999999980E-004
         318  -1.0245000000000000       3.66999999999999976E-004
         319  -1.0229999999999999       2.96499999999999997E-004
         320  -1.0215000000000001       2.96499999999999997E-004
         321  -1.0200000000000000       2.68000000000000009E-004
         322  -1.0185000000000000       2.41499999999999988E-004
         323  -1.0169999999999999       2.28000000000000013E-004
         324  -1.0155000000000001       2.00000000000000010E-004
         325  -1.0140000000000000       2.04500000000000011E-004
         326  -1.0125000000000000       1.63499999999999990E-004
         327  -1.0109999999999999       1.44000000000000004E-004
         328  -1.0095000000000001       1.29500000000000004E-004
         329  -1.0080000000000000       1.22499999999999996E-004
         330  -1.0065000000000000       1.03999999999999994E-004
         331  -1.0049999999999999       9.89999999999999940E-005
         332  -1.0035000000000001       9.05000000000000043E-005
         333  -1.0020000000000000       8.00000000000000065E-005
         334  -1.0004999999999999       7.94999999999999944E-005
         335 -0.99900000000000000       5.80000000000000003E-005
         336 -0.99750000000000005       6.15000000000000041E-005
         337 -0.99600000000000000       4.89999999999999984E-005
         338 -0.99450000000000005       5.09999999999999996E-005
         339 -0.99299999999999999       4.00000000000000033E-005
         340 -0.99150000000000005       3.94999999999999979E-005
         341 -0.98999999999999999       3.04999999999999994E-005
         342 -0.98850000000000005       2.94999999999999988E-005
         343 -0.98699999999999999       2.59999999999999984E-005
         344 -0.98550000000000004       1.74999999999999985E-005
         345 -0.98399999999999999       2.09999999999999988E-005
         346 -0.98250000000000004       1.55000000000000007E-005
         347 -0.98099999999999998       1.20000000000000003E-005
         348 -0.97950000000000004       1.65000000000000013E-005
         349 -0.97799999999999998       1.25000000000000006E-005
         350 -0.97650000000000003       8.49999999999999993E-006
         351 -0.97499999999999998       7.50000000000000019E-006
         352 -0.97350000000000003       7.50000000000000019E-006
         353 -0.97199999999999998       7.99999999999999964E-006
         354 -0.97050000000000003       3.49999999999999995E-006
         355 -0.96899999999999997       5.00000000000000041E-006
         356 -0.96750000000000003       3.49999999999999995E-006
         357 -0.96599999999999997       2.50000000000000020E-006
         358 -0.96450000000000002       3.49999999999999995E-006
         359 -0.96299999999999997       3.49999999999999995E-006
         360 -0.96150000000000002       3.49999999999999995E-006
         361 -0.95999999999999996       1.99999999999999991E-006
         362 -0.95850000000000002       1.50000000000000004E-006
         363 -0.95699999999999996       4.99999999999999977E-007
         364 -0.95550000000000002       9.99999999999999955E-007
         365 -0.95399999999999996       3.49999999999999995E-006
         366 -0.95250000000000001       1.99999999999999991E-006
         367 -0.95099999999999996       4.99999999999999977E-007
         368 -0.94950000000000001       4.99999999999999977E-007
         369 -0.94799999999999995       4.99999999999999977E-007
         370 -0.94650000000000001       4.99999999999999977E-007
         371 -0.94499999999999995       4.99999999999999977E-007
         372 -0.94350000000000001        0.0000000000000000     
         373 -0.94199999999999995       4.99999999999999977E-007
         374 -0.94050000000000000        0.0000000000000000     
         375 -0.93899999999999995        0.0000000000000000     
         376 -0.93750000000000000        0.0000000000000000     
         377 -0.93600000000000005        0.0000000000000000     
         378 -0.93450000000000000        0.0000000000000000     
         379 -0.93300000000000005        0.0000000000000000     
         380 -0.93149999999999999        0.0000000000000000     
         381 -0.93000000000000005        0.0000000000000000     
         382 -0.92849999999999999        0.0000000000000000     
         383 -0.92700000000000005        0.0000000000000000     
         384 -0.92549999999999999        0.0000000000000000     
         385 -0.92400000000000004        0.0000000000000000     
         386 -0.92249999999999999        0.0000000000000000     
         387 -0.92100000000000004        0.0000000000000000     
         388 -0.91949999999999998        0.0000000000000000     
         389 -0.91800000000000004        0.0000000000000000     
         390 -0.91649999999999998        0.0000000000000000     
         391 -0.91500000000000004        0.0000000000000000     
         392 -0.91349999999999998        0.0000000000000000     
         393 -0.91200000000000003        0.0000000000000000     
         394 -0.91049999999999998        0.0000000000000000     
         395 -0.90900000000000003        0.0000000000000000     
         396 -0.90749999999999997        0.0000000000000000     
         397 -0.90600000000000003        0.0000000000000000     
         398 -0.90449999999999997        0.0000000000000000     
         399 -0.90300000000000002        0.0000000000000000     
         400 -0.90149999999999997        0.0000000000000000     
         401 -0.90000000000000002        0.0000000000000000     
