                    1  -1.50000000000000        0.00000000000000     
                    2  -1.49850000000000        0.00000000000000     
                    3  -1.49700000000000        0.00000000000000     
                    4  -1.49550000000000        0.00000000000000     
                    5  -1.49400000000000        0.00000000000000     
                    6  -1.49250000000000        0.00000000000000     
                    7  -1.49100000000000        0.00000000000000     
                    8  -1.48950000000000        0.00000000000000     
                    9  -1.48800000000000        0.00000000000000     
                   10  -1.48650000000000        0.00000000000000     
                   11  -1.48500000000000        0.00000000000000     
                   12  -1.48350000000000        0.00000000000000     
                   13  -1.48200000000000        0.00000000000000     
                   14  -1.48050000000000        0.00000000000000     
                   15  -1.47900000000000        0.00000000000000     
                   16  -1.47750000000000        0.00000000000000     
                   17  -1.47600000000000        0.00000000000000     
                   18  -1.47450000000000        0.00000000000000     
                   19  -1.47300000000000        0.00000000000000     
                   20  -1.47150000000000        0.00000000000000     
                   21  -1.47000000000000        0.00000000000000     
                   22  -1.46850000000000        0.00000000000000     
                   23  -1.46700000000000        0.00000000000000     
                   24  -1.46550000000000        0.00000000000000     
                   25  -1.46400000000000        0.00000000000000     
                   26  -1.46250000000000        0.00000000000000     
                   27  -1.46100000000000        0.00000000000000     
                   28  -1.45950000000000        0.00000000000000     
                   29  -1.45800000000000        0.00000000000000     
                   30  -1.45650000000000        0.00000000000000     
                   31  -1.45500000000000        0.00000000000000     
                   32  -1.45350000000000        0.00000000000000     
                   33  -1.45200000000000        0.00000000000000     
                   34  -1.45050000000000        0.00000000000000     
                   35  -1.44900000000000        1.00000000000000     
                   36  -1.44750000000000        2.00000000000000     
                   37  -1.44600000000000        0.00000000000000     
                   38  -1.44450000000000        0.00000000000000     
                   39  -1.44300000000000        0.00000000000000     
                   40  -1.44150000000000        0.00000000000000     
                   41  -1.44000000000000        1.00000000000000     
                   42  -1.43850000000000        0.00000000000000     
                   43  -1.43700000000000        2.00000000000000     
                   44  -1.43550000000000        0.00000000000000     
                   45  -1.43400000000000        2.00000000000000     
                   46  -1.43250000000000        1.00000000000000     
                   47  -1.43100000000000        3.00000000000000     
                   48  -1.42950000000000        0.00000000000000     
                   49  -1.42800000000000        2.00000000000000     
                   50  -1.42650000000000        2.00000000000000     
                   51  -1.42500000000000        3.00000000000000     
                   52  -1.42350000000000        0.00000000000000     
                   53  -1.42200000000000        2.00000000000000     
                   54  -1.42050000000000        2.00000000000000     
                   55  -1.41900000000000        2.00000000000000     
                   56  -1.41750000000000        4.00000000000000     
                   57  -1.41600000000000        2.00000000000000     
                   58  -1.41450000000000        7.00000000000000     
                   59  -1.41300000000000        5.00000000000000     
                   60  -1.41150000000000        4.00000000000000     
                   61  -1.41000000000000        4.00000000000000     
                   62  -1.40850000000000        5.00000000000000     
                   63  -1.40700000000000        8.00000000000000     
                   64  -1.40550000000000        12.0000000000000     
                   65  -1.40400000000000        7.00000000000000     
                   66  -1.40250000000000        14.0000000000000     
                   67  -1.40100000000000        12.0000000000000     
                   68  -1.39950000000000        22.0000000000000     
                   69  -1.39800000000000        13.0000000000000     
                   70  -1.39650000000000        26.0000000000000     
                   71  -1.39500000000000        20.0000000000000     
                   72  -1.39350000000000        18.0000000000000     
                   73  -1.39200000000000        28.0000000000000     
                   74  -1.39050000000000        29.0000000000000     
                   75  -1.38900000000000        36.0000000000000     
                   76  -1.38750000000000        26.0000000000000     
                   77  -1.38600000000000        42.0000000000000     
                   78  -1.38450000000000        40.0000000000000     
                   79  -1.38300000000000        41.0000000000000     
                   80  -1.38150000000000        48.0000000000000     
                   81  -1.38000000000000        64.0000000000000     
                   82  -1.37850000000000        68.0000000000000     
                   83  -1.37700000000000        68.0000000000000     
                   84  -1.37550000000000        87.0000000000000     
                   85  -1.37400000000000        75.0000000000000     
                   86  -1.37250000000000        105.000000000000     
                   87  -1.37100000000000        107.000000000000     
                   88  -1.36950000000000        133.000000000000     
                   89  -1.36800000000000        134.000000000000     
                   90  -1.36650000000000        123.000000000000     
                   91  -1.36500000000000        171.000000000000     
                   92  -1.36350000000000        172.000000000000     
                   93  -1.36200000000000        206.000000000000     
                   94  -1.36050000000000        208.000000000000     
                   95  -1.35900000000000        211.000000000000     
                   96  -1.35750000000000        281.000000000000     
                   97  -1.35600000000000        270.000000000000     
                   98  -1.35450000000000        334.000000000000     
                   99  -1.35300000000000        339.000000000000     
                  100  -1.35150000000000        373.000000000000     
                  101  -1.35000000000000        394.000000000000     
                  102  -1.34850000000000        415.000000000000     
                  103  -1.34700000000000        460.000000000000     
                  104  -1.34550000000000        480.000000000000     
                  105  -1.34400000000000        519.000000000000     
                  106  -1.34250000000000        589.000000000000     
                  107  -1.34100000000000        649.000000000000     
                  108  -1.33950000000000        692.000000000000     
                  109  -1.33800000000000        777.000000000000     
                  110  -1.33650000000000        861.000000000000     
                  111  -1.33500000000000        839.000000000000     
                  112  -1.33350000000000        933.000000000000     
                  113  -1.33200000000000        1030.00000000000     
                  114  -1.33050000000000        1037.00000000000     
                  115  -1.32900000000000        1110.00000000000     
                  116  -1.32750000000000        1199.00000000000     
                  117  -1.32600000000000        1336.00000000000     
                  118  -1.32450000000000        1414.00000000000     
                  119  -1.32300000000000        1553.00000000000     
                  120  -1.32150000000000        1651.00000000000     
                  121  -1.32000000000000        1736.00000000000     
                  122  -1.31850000000000        1790.00000000000     
                  123  -1.31700000000000        1863.00000000000     
                  124  -1.31550000000000        2041.00000000000     
                  125  -1.31400000000000        2059.00000000000     
                  126  -1.31250000000000        2280.00000000000     
                  127  -1.31100000000000        2371.00000000000     
                  128  -1.30950000000000        2426.00000000000     
                  129  -1.30800000000000        2707.00000000000     
                  130  -1.30650000000000        2774.00000000000     
                  131  -1.30500000000000        3019.00000000000     
                  132  -1.30350000000000        3164.00000000000     
                  133  -1.30200000000000        3357.00000000000     
                  134  -1.30050000000000        3352.00000000000     
                  135  -1.29900000000000        3497.00000000000     
                  136  -1.29750000000000        3811.00000000000     
                  137  -1.29600000000000        4032.00000000000     
                  138  -1.29450000000000        4274.00000000000     
                  139  -1.29300000000000        4426.00000000000     
                  140  -1.29150000000000        4637.00000000000     
                  141  -1.29000000000000        4710.00000000000     
                  142  -1.28850000000000        4910.00000000000     
                  143  -1.28700000000000        5317.00000000000     
                  144  -1.28550000000000        5408.00000000000     
                  145  -1.28400000000000        5692.00000000000     
                  146  -1.28250000000000        5850.00000000000     
                  147  -1.28100000000000        6370.00000000000     
                  148  -1.27950000000000        6381.00000000000     
                  149  -1.27800000000000        6608.00000000000     
                  150  -1.27650000000000        6892.00000000000     
                  151  -1.27500000000000        7018.00000000000     
                  152  -1.27350000000000        7272.00000000000     
                  153  -1.27200000000000        7543.00000000000     
                  154  -1.27050000000000        7995.00000000000     
                  155  -1.26900000000000        8118.00000000000     
                  156  -1.26750000000000        8409.00000000000     
                  157  -1.26600000000000        8731.00000000000     
                  158  -1.26450000000000        8925.00000000000     
                  159  -1.26300000000000        9290.00000000000     
                  160  -1.26150000000000        9646.00000000000     
                  161  -1.26000000000000        9758.00000000000     
                  162  -1.25850000000000        10016.0000000000     
                  163  -1.25700000000000        10358.0000000000     
                  164  -1.25550000000000        10474.0000000000     
                  165  -1.25400000000000        10947.0000000000     
                  166  -1.25250000000000        11225.0000000000     
                  167  -1.25100000000000        11565.0000000000     
                  168  -1.24950000000000        11635.0000000000     
                  169  -1.24800000000000        12201.0000000000     
                  170  -1.24650000000000        12280.0000000000     
                  171  -1.24500000000000        12416.0000000000     
                  172  -1.24350000000000        12824.0000000000     
                  173  -1.24200000000000        13072.0000000000     
                  174  -1.24050000000000        13656.0000000000     
                  175  -1.23900000000000        13512.0000000000     
                  176  -1.23750000000000        13901.0000000000     
                  177  -1.23600000000000        14093.0000000000     
                  178  -1.23450000000000        14307.0000000000     
                  179  -1.23300000000000        14678.0000000000     
                  180  -1.23150000000000        14810.0000000000     
                  181  -1.23000000000000        15126.0000000000     
                  182  -1.22850000000000        15448.0000000000     
                  183  -1.22700000000000        15415.0000000000     
                  184  -1.22550000000000        15691.0000000000     
                  185  -1.22400000000000        15777.0000000000     
                  186  -1.22250000000000        16045.0000000000     
                  187  -1.22100000000000        16169.0000000000     
                  188  -1.21950000000000        16332.0000000000     
                  189  -1.21800000000000        16459.0000000000     
                  190  -1.21650000000000        16837.0000000000     
                  191  -1.21500000000000        17018.0000000000     
                  192  -1.21350000000000        17035.0000000000     
                  193  -1.21200000000000        17132.0000000000     
                  194  -1.21050000000000        17231.0000000000     
                  195  -1.20900000000000        17283.0000000000     
                  196  -1.20750000000000        17596.0000000000     
                  197  -1.20600000000000        17412.0000000000     
                  198  -1.20450000000000        17758.0000000000     
                  199  -1.20300000000000        17707.0000000000     
                  200  -1.20150000000000        18061.0000000000     
                  201  -1.20000000000000        17912.0000000000     
                  202  -1.19850000000000        17955.0000000000     
                  203  -1.19700000000000        18004.0000000000     
                  204  -1.19550000000000        18099.0000000000     
                  205  -1.19400000000000        18035.0000000000     
                  206  -1.19250000000000        18114.0000000000     
                  207  -1.19100000000000        18157.0000000000     
                  208  -1.18950000000000        17724.0000000000     
                  209  -1.18800000000000        18332.0000000000     
                  210  -1.18650000000000        17968.0000000000     
                  211  -1.18500000000000        18046.0000000000     
                  212  -1.18350000000000        17940.0000000000     
                  213  -1.18200000000000        17963.0000000000     
                  214  -1.18050000000000        17686.0000000000     
                  215  -1.17900000000000        17946.0000000000     
                  216  -1.17750000000000        17879.0000000000     
                  217  -1.17600000000000        17778.0000000000     
                  218  -1.17450000000000        17618.0000000000     
                  219  -1.17300000000000        17465.0000000000     
                  220  -1.17150000000000        17788.0000000000     
                  221  -1.17000000000000        17249.0000000000     
                  222  -1.16850000000000        17075.0000000000     
                  223  -1.16700000000000        17064.0000000000     
                  224  -1.16550000000000        17060.0000000000     
                  225  -1.16400000000000        17034.0000000000     
                  226  -1.16250000000000        16848.0000000000     
                  227  -1.16100000000000        16493.0000000000     
                  228  -1.15950000000000        16446.0000000000     
                  229  -1.15800000000000        16299.0000000000     
                  230  -1.15650000000000        16076.0000000000     
                  231  -1.15500000000000        16073.0000000000     
                  232  -1.15350000000000        15949.0000000000     
                  233  -1.15200000000000        15640.0000000000     
                  234  -1.15050000000000        15683.0000000000     
                  235  -1.14900000000000        15395.0000000000     
                  236  -1.14750000000000        15171.0000000000     
                  237  -1.14600000000000        14996.0000000000     
                  238  -1.14450000000000        14670.0000000000     
                  239  -1.14300000000000        14552.0000000000     
                  240  -1.14150000000000        14239.0000000000     
                  241  -1.14000000000000        14267.0000000000     
                  242  -1.13850000000000        14164.0000000000     
                  243  -1.13700000000000        14012.0000000000     
                  244  -1.13550000000000        13853.0000000000     
                  245  -1.13400000000000        13515.0000000000     
                  246  -1.13250000000000        13098.0000000000     
                  247  -1.13100000000000        13005.0000000000     
                  248  -1.12950000000000        12929.0000000000     
                  249  -1.12800000000000        12665.0000000000     
                  250  -1.12650000000000        12560.0000000000     
                  251  -1.12500000000000        12125.0000000000     
                  252  -1.12350000000000        12088.0000000000     
                  253  -1.12200000000000        11881.0000000000     
                  254  -1.12050000000000        11524.0000000000     
                  255  -1.11900000000000        11331.0000000000     
                  256  -1.11750000000000        11234.0000000000     
                  257  -1.11600000000000        10917.0000000000     
                  258  -1.11450000000000        10777.0000000000     
                  259  -1.11300000000000        10441.0000000000     
                  260  -1.11150000000000        10185.0000000000     
                  261  -1.11000000000000        10065.0000000000     
                  262  -1.10850000000000        9910.00000000000     
                  263  -1.10700000000000        9539.00000000000     
                  264  -1.10550000000000        9427.00000000000     
                  265  -1.10400000000000        9148.00000000000     
                  266  -1.10250000000000        8956.00000000000     
                  267  -1.10100000000000        8873.00000000000     
                  268  -1.09950000000000        8540.00000000000     
                  269  -1.09800000000000        8350.00000000000     
                  270  -1.09650000000000        8061.00000000000     
                  271  -1.09500000000000        7797.00000000000     
                  272  -1.09350000000000        7646.00000000000     
                  273  -1.09200000000000        7518.00000000000     
                  274  -1.09050000000000        7256.00000000000     
                  275  -1.08900000000000        7052.00000000000     
                  276  -1.08750000000000        6860.00000000000     
                  277  -1.08600000000000        6493.00000000000     
                  278  -1.08450000000000        6337.00000000000     
                  279  -1.08300000000000        6054.00000000000     
                  280  -1.08150000000000        5875.00000000000     
                  281  -1.08000000000000        5641.00000000000     
                  282  -1.07850000000000        5627.00000000000     
                  283  -1.07700000000000        5352.00000000000     
                  284  -1.07550000000000        5084.00000000000     
                  285  -1.07400000000000        4937.00000000000     
                  286  -1.07250000000000        4835.00000000000     
                  287  -1.07100000000000        4615.00000000000     
                  288  -1.06950000000000        4470.00000000000     
                  289  -1.06800000000000        4248.00000000000     
                  290  -1.06650000000000        3995.00000000000     
                  291  -1.06500000000000        3775.00000000000     
                  292  -1.06350000000000        3697.00000000000     
                  293  -1.06200000000000        3535.00000000000     
                  294  -1.06050000000000        3351.00000000000     
                  295  -1.05900000000000        3181.00000000000     
                  296  -1.05750000000000        2942.00000000000     
                  297  -1.05600000000000        2814.00000000000     
                  298  -1.05450000000000        2703.00000000000     
                  299  -1.05300000000000        2527.00000000000     
                  300  -1.05150000000000        2438.00000000000     
                  301  -1.05000000000000        2264.00000000000     
                  302  -1.04850000000000        2167.00000000000     
                  303  -1.04700000000000        2073.00000000000     
                  304  -1.04550000000000        1877.00000000000     
                  305  -1.04400000000000        1752.00000000000     
                  306  -1.04250000000000        1709.00000000000     
                  307  -1.04100000000000        1574.00000000000     
                  308  -1.03950000000000        1466.00000000000     
                  309  -1.03800000000000        1369.00000000000     
                  310  -1.03650000000000        1240.00000000000     
                  311  -1.03500000000000        1261.00000000000     
                  312  -1.03350000000000        1058.00000000000     
                  313  -1.03200000000000        1057.00000000000     
                  314  -1.03050000000000        940.000000000000     
                  315  -1.02900000000000        908.000000000000     
                  316  -1.02750000000000        802.000000000000     
                  317  -1.02600000000000        712.000000000000     
                  318  -1.02450000000000        734.000000000000     
                  319  -1.02300000000000        593.000000000000     
                  320  -1.02150000000000        593.000000000000     
                  321  -1.02000000000000        536.000000000000     
                  322  -1.01850000000000        483.000000000000     
                  323  -1.01700000000000        456.000000000000     
                  324  -1.01550000000000        400.000000000000     
                  325  -1.01400000000000        409.000000000000     
                  326  -1.01250000000000        327.000000000000     
                  327  -1.01100000000000        288.000000000000     
                  328  -1.00950000000000        259.000000000000     
                  329  -1.00800000000000        245.000000000000     
                  330  -1.00650000000000        208.000000000000     
                  331  -1.00500000000000        198.000000000000     
                  332  -1.00350000000000        181.000000000000     
                  333  -1.00200000000000        160.000000000000     
                  334  -1.00050000000000        159.000000000000     
                  335 -0.999000000000000        116.000000000000     
                  336 -0.997500000000000        123.000000000000     
                  337 -0.996000000000000        98.0000000000000     
                  338 -0.994500000000000        102.000000000000     
                  339 -0.993000000000000        80.0000000000000     
                  340 -0.991500000000000        79.0000000000000     
                  341 -0.990000000000000        61.0000000000000     
                  342 -0.988500000000000        59.0000000000000     
                  343 -0.987000000000000        52.0000000000000     
                  344 -0.985500000000000        35.0000000000000     
                  345 -0.984000000000000        42.0000000000000     
                  346 -0.982500000000000        31.0000000000000     
                  347 -0.981000000000000        24.0000000000000     
                  348 -0.979500000000000        33.0000000000000     
                  349 -0.978000000000000        25.0000000000000     
                  350 -0.976500000000000        17.0000000000000     
                  351 -0.975000000000000        15.0000000000000     
                  352 -0.973500000000000        15.0000000000000     
                  353 -0.972000000000000        16.0000000000000     
                  354 -0.970500000000000        7.00000000000000     
                  355 -0.969000000000000        10.0000000000000     
                  356 -0.967500000000000        7.00000000000000     
                  357 -0.966000000000000        5.00000000000000     
                  358 -0.964500000000000        7.00000000000000     
                  359 -0.963000000000000        7.00000000000000     
                  360 -0.961500000000000        7.00000000000000     
                  361 -0.960000000000000        4.00000000000000     
                  362 -0.958500000000000        3.00000000000000     
                  363 -0.957000000000000        1.00000000000000     
                  364 -0.955500000000000        2.00000000000000     
                  365 -0.954000000000000        7.00000000000000     
                  366 -0.952500000000000        4.00000000000000     
                  367 -0.951000000000000        1.00000000000000     
                  368 -0.949500000000000        1.00000000000000     
                  369 -0.948000000000000        1.00000000000000     
                  370 -0.946500000000000        1.00000000000000     
                  371 -0.945000000000000        1.00000000000000     
                  372 -0.943500000000000        0.00000000000000     
                  373 -0.942000000000000        1.00000000000000     
                  374 -0.940500000000000        0.00000000000000     
                  375 -0.939000000000000        0.00000000000000     
                  376 -0.937500000000000        0.00000000000000     
                  377 -0.936000000000000        0.00000000000000     
                  378 -0.934500000000000        0.00000000000000     
                  379 -0.933000000000000        0.00000000000000     
                  380 -0.931500000000000        0.00000000000000     
                  381 -0.930000000000000        0.00000000000000     
                  382 -0.928500000000000        0.00000000000000     
                  383 -0.927000000000000        0.00000000000000     
                  384 -0.925500000000000        0.00000000000000     
                  385 -0.924000000000000        0.00000000000000     
                  386 -0.922500000000000        0.00000000000000     
                  387 -0.921000000000000        0.00000000000000     
                  388 -0.919500000000000        0.00000000000000     
                  389 -0.918000000000000        0.00000000000000     
                  390 -0.916500000000000        0.00000000000000     
                  391 -0.915000000000000        0.00000000000000     
                  392 -0.913500000000000        0.00000000000000     
                  393 -0.912000000000000        0.00000000000000     
                  394 -0.910500000000000        0.00000000000000     
                  395 -0.909000000000000        0.00000000000000     
                  396 -0.907500000000000        0.00000000000000     
                  397 -0.906000000000000        0.00000000000000     
                  398 -0.904500000000000        0.00000000000000     
                  399 -0.903000000000000        0.00000000000000     
                  400 -0.901500000000000        0.00000000000000     
                  401 -0.900000000000000        0.00000000000000     
