  0.900000000000000        107.990132771211       0.180906798576050       6.203945780151468E-005 -2.653795087664724E-003  0.437959315263139       0.171683727139205       0.454297501709731        0.00000000000000
  0.918000000000000        108.747223441037       0.179724624351374      -5.730907939650499E-005 -2.755528698154567E-003  0.435160738462470       0.157814407447705       0.421052797438513        0.00000000000000
  0.936000000000000        108.654994188271       0.180146708163699       8.652378260599573E-006 -2.766494626369925E-003  0.436383131342012       0.159677005227970       0.424158279397111        0.00000000000000
  0.954000000000000        108.530094223236       0.180417474451801       3.888418258221495E-005 -2.704338797541984E-003  0.437510279617635       0.161630925694901       0.427252476360519        0.00000000000000
  0.972000000000000        109.282204899397       0.179582025548573      -6.433737793290766E-005 -2.856460242351619E-003  0.435743707236850       0.151800970514411       0.403526164178594        0.00000000000000
  0.990000000000000        109.201524451500       0.179847021299912      -7.959768446586551E-006 -2.842290263890139E-003  0.436783123382413       0.153686874630574       0.406322104761678        0.00000000000000
   1.00800000000000        109.016283575947       0.180200349423695       3.242651802544514E-005 -2.799202533518428E-003  0.437906493723497       0.155393109540735       0.409075163190512        0.00000000000000
   1.02600000000000        109.580754524058       0.179607601497977      -1.407712258973682E-006 -2.871295250109613E-003  0.436899540328083       0.148616955043602       0.391979668908241        0.00000000000000
   1.04400000000000        109.984305931186       0.179320951880211      -3.542142889381789E-005 -2.858087741715963E-003  0.436419682720714       0.143412123696554       0.379038038461834        0.00000000000000
   1.06200000000000        109.942402990152       0.179392768213072       2.346475964213427E-006 -2.893965081255277E-003  0.437270850412003       0.145226890091202       0.381423076061126        0.00000000000000
   1.08000000000000        110.228293100744       0.179245941702484       2.885128913750534E-005 -2.939915882025527E-003  0.437178376652191       0.141278381429166       0.371434498409498        0.00000000000000
   1.09800000000000        110.490122892918       0.179035593791167       4.564595395439694E-005 -2.948435726020615E-003  0.437153405684623       0.138598658552756       0.363887130769113        0.00000000000000
   1.11600000000000        110.779588899628       0.178837728603456       2.145937403792535E-005 -2.981802544840525E-003  0.437209387096610       0.136666971229486       0.357845891101462        0.00000000000000
   1.13400000000000        111.097275199914       0.178554702567445      -4.755422337429482E-005 -2.918875478780837E-003  0.436974091806478       0.132532759166981       0.347225700851940        0.00000000000000
   1.15200000000000        111.239998219374       0.178477868162114      -3.603706137248334E-005 -2.901992271038900E-003  0.437393703227652       0.131913547868686       0.344202538373021        0.00000000000000
   1.17000000000000        111.620286228995       0.178128385285263       1.085835368347809E-005 -2.953110392544926E-003  0.437185727569736       0.128446337483312       0.334623171619122        0.00000000000000
   1.18800000000000        111.864628203465       0.177921202786798      -3.455057508434135E-005 -2.922077530792002E-003  0.437230013335448       0.126354641432827       0.328278534219725        0.00000000000000
   1.20600000000000        112.207627190187       0.177571199060130      -1.286169320193967E-005 -2.902881639893359E-003  0.437252495466564       0.124523171855579       0.322230594844229        0.00000000000000
   1.22400000000000        112.434728248754       0.177250973130017       2.625284371128013E-005 -2.864743538632587E-003  0.437360333595850       0.123374214275229       0.317391938934863        0.00000000000000
   1.24200000000000        112.812026307789       0.176866614350824      -2.286994285919182E-005 -2.866729486667570E-003  0.437276630189921       0.121641279273466       0.311067736624774        0.00000000000000
   1.26000000000000        113.200816612619       0.176381561006101       7.793748089954676E-006 -2.805353488018937E-003  0.437300034766805       0.120868655960843       0.306389095412514        0.00000000000000
   1.27800000000000        113.671027209797       0.175784830515080       2.637354015309867E-006 -2.682700673894270E-003  0.437166190265918       0.120313586079111       0.301876539965425        0.00000000000000
   1.29600000000000        114.080144998197       0.175250244234684       5.181132903149315E-005 -2.582949788578451E-003  0.437131548080798       0.120155090804360       0.298181522922817        0.00000000000000
   1.31400000000000        114.711085996827       0.174328325584872      -5.670701084711219E-005 -2.464085248159937E-003  0.436974305488969       0.120630347790903       0.295388444132793        0.00000000000000
   1.33200000000000        120.241719493925       0.166314657917290      -3.146697693683243E-005 -3.482236832478807E-004  0.430903398901666       0.140594420970041       0.308175086722953        0.00000000000000
   1.35000000000000        120.400294213601       0.166141091284914       3.001423411589964E-005 -4.560433064794386E-004  0.431790484464604       0.144793387251134       0.314950339652210        0.00000000000000
   1.36800000000000        120.488103206646       0.165967033859291      -1.280291854469185E-005 -4.206175505944764E-004  0.432861138607309       0.149178289167584       0.322428652647003        0.00000000000000
   1.38600000000000        120.575024107375       0.165895047556599      -1.334660644390551E-005 -4.174311022668180E-004  0.434055528657945       0.153524969343115       0.330514234173236        0.00000000000000
   1.40400000000000        120.551172378474       0.165914437392576      -1.974090488737455E-005 -4.047529615997267E-004  0.435204722794157       0.158045508397683       0.338933184873726        0.00000000000000
   1.42200000000000        120.513252578050       0.165954187629940      -2.791458046929715E-005 -3.743249546702143E-004  0.436479493206648       0.162893649048496       0.348366101690542        0.00000000000000
   1.44000000000000        120.481734764260       0.165984142138672       9.483019173471733E-007 -4.897338536218169E-004  0.437749395500739       0.167517956989663       0.357581425835451        0.00000000000000
   1.45800000000000        120.402079775275       0.166123907346180      -2.046305753710808E-005 -4.923957448924087E-004  0.439136116533142       0.172881891543364       0.368572527320065        0.00000000000000
   1.47600000000000        120.358462689931       0.166187321005174      -1.507752728585408E-005 -5.029994605966070E-004  0.440157748310008       0.177057989545952       0.376693041718005        0.00000000000000
   1.49400000000000        120.298873895805       0.166337170992822      -1.444030362609639E-005 -5.236522234392314E-004  0.441413747026437       0.181636140576122       0.386357776775549        0.00000000000000
   1.51200000000000        120.131415086520       0.166512142279706      -5.868435407524335E-005 -5.703463080459894E-004  0.442868385978185       0.187471386747513       0.398999576120028        0.00000000000000
   1.53000000000000        120.038162682499       0.166571137389300      -8.792211333317601E-006 -5.624938769382534E-004  0.443998972768595       0.191470048439099       0.407318158015154        0.00000000000000
   1.54800000000000        120.099253109592       0.166720048760769       1.222226903079110E-005 -5.686015243891927E-004  0.445125462740849       0.196093140897399       0.417295231543471        0.00000000000000
   1.56600000000000        119.900759615599       0.166915495798026      -4.521948217192330E-005 -6.273226284675961E-004  0.446500591092632       0.201395814266841       0.429061271800779        0.00000000000000
   1.58400000000000        119.689066748013       0.167226923252181       1.399970999709897E-005 -7.102001443950918E-004  0.448041440689951       0.207431688380976       0.443230879270077        0.00000000000000
   1.60200000000000        119.371598701869       0.167597298610787       8.551822957425102E-007 -7.006356179050527E-004  0.449812967560016       0.214772113082411       0.460973824592707        0.00000000000000
   1.62000000000000        119.396068494987       0.167452091633122      -4.138439600446203E-005 -6.960546300072940E-004  0.450279030116100       0.216018957502306       0.462472878939521        0.00000000000000
   1.63800000000000        119.041875602290       0.167962103136766       1.978353820301458E-005 -6.478582376685810E-004  0.452397800294817       0.225364090314383       0.485651537984736        0.00000000000000
   1.65600000000000        119.292292380992       0.167879095376549      -2.288135146622978E-005 -6.721230467867015E-004  0.452864192454624       0.226397266675028       0.487041127328328        0.00000000000000
   1.67400000000000        118.874393886129       0.168482611454580       3.456281190921717E-005 -7.674328678708080E-004  0.455457482910819       0.238726124042008       0.518411278699840        0.00000000000000
   1.69200000000000        118.756387282427       0.168465563812522      -1.906230428397943E-005 -7.820502906441851E-004  0.455913753747502       0.239731749594507       0.519824797860222        0.00000000000000
   1.71000000000000        118.698714066444       0.168423265016018      -7.965250936115912E-006 -7.855109706522695E-004  0.456360448909319       0.241068023806553       0.521565371369924        0.00000000000000
   1.72800000000000        119.011043048248       0.168249079513190      -4.664741882971141E-005 -7.485494617405119E-004  0.456701650411740       0.242234781739038       0.523036078677423        0.00000000000000
   1.76400000000000        118.345901116393       0.168921292408138      -1.059765932818618E-005 -7.752796986538027E-004  0.460499287822476       0.260272681402481       0.569688978906744        0.00000000000000
   1.78200000000000        118.548206734176       0.168770241298210       9.055246666992383E-006 -8.459705487148148E-004  0.460879187479020       0.261432037846175       0.571130749432147        0.00000000000000
   1.80000000000000        118.651463006613       0.168708925391857      -7.447299110247829E-005 -8.518822548612830E-004  0.461162636160539       0.262227617454549       0.572507423809933        0.00000000000000
      1.30000000000000        114.193985729584       0.175058616517066       1.749949828981133E-005 -2.620167637486336E-003  0.437139443851228       0.119902831484334       0.297145701905680        0.00000000000000
   1.30200000000000        114.343931453601       0.174854856100164       5.272594378351761E-005 -2.581008535066653E-003  0.437006352071004       0.121070365386964       0.297829112315490        0.00000000000000
   1.30400000000000        114.420744959676       0.174736398938890       2.235241981604593E-005 -2.567446855976122E-003  0.437011324683947       0.120508939653246       0.296880523119813        0.00000000000000
   1.30600000000000        114.500549185439       0.174649003872796       4.516319963957543E-005 -2.497429818343907E-003  0.436985603555079       0.120731648086403       0.296745709375573        0.00000000000000
   1.30800000000000        114.595465707530       0.174498011427094      -1.424488377720876E-005 -2.484831107538559E-003  0.436946941269261       0.121390361633013       0.297001798074947        0.00000000000000
   1.31000000000000        114.599318874789       0.174493725829801       3.471360219622134E-005 -2.489676357905608E-003  0.436896514201800       0.120681256878767       0.296041540699630        0.00000000000000
   1.31200000000000        114.789098884814       0.174198488983750      -3.951970334087005E-005 -2.533641818340187E-003  0.436856606831822       0.121780664683057       0.296620277699420        0.00000000000000
   1.31400000000000        115.017737857463       0.173885996725819      -4.299377075070276E-006 -2.342915694576947E-003  0.436742823559032       0.122440150562511       0.296757099385570        0.00000000000000
   1.31600000000000        114.837373434850       0.174152975008048       8.206577262505395E-005 -2.484080523776785E-003  0.436871797946621       0.121764549670749       0.296156847559354        0.00000000000000
   1.31800000000000        116.645146725776       0.171465366051921      -6.753034064496331E-005 -1.539670718091514E-003  0.434908038385661       0.130314026847661       0.301859845713650        0.00000000000000
   1.32200000000000        117.347225938191       0.170430039991623      -2.190293445952074E-004 -1.618435922989804E-003  0.433984692282473       0.129260843442554       0.299849111563224        0.00000000000000
   1.32400000000000        120.338853616242       0.166194404999752      -2.980254031295833E-005 -5.347496103952887E-004  0.430383762137662       0.139299403274692       0.305830466246811        0.00000000000000
   1.32600000000000        119.200601345341       0.167783876333187      -3.288525417484051E-005 -7.595404680880442E-004  0.431594529495128       0.136204382088021       0.304527696992587        0.00000000000000
   1.32800000000000        120.098038071544       0.166525390132472      -5.877214741302736E-006 -3.778931612363514E-004  0.430758448814311       0.139826112227337       0.307118914730144        0.00000000000000
   1.33000000000000        120.192248184947       0.166386512570482      -3.873664975665171E-005 -4.608565953452557E-004  0.430797189102411       0.139984120383806       0.307378722966797        0.00000000000000
   1.33200000000000        120.218784442042       0.166342603860514      -4.033690912198922E-006 -4.342215387514329E-004  0.430822474356480       0.140901131750369       0.308516530653127        0.00000000000000
   1.33400000000000        120.371383634079       0.166159816928990      -1.164974607272718E-005 -3.816996002660423E-004  0.430885481118852       0.141342631876823       0.309036571950202        0.00000000000000
   1.33600000000000        120.237101695065       0.166343147717184       3.659467965464363E-006 -3.193373859881316E-004  0.431045004755831       0.142092185433906       0.310249237594779        0.00000000000000
   1.33800000000000        120.356712873291       0.166179871479430       4.922613617925287E-005 -4.413526509101328E-004  0.431163112587361       0.142407658785611       0.310678946821924        0.00000000000000
   1.34000000000000        120.340049098740       0.166181124542344       2.914080918157664E-006 -4.013206048990335E-004  0.431290608341387       0.142756801221818       0.311337944947414        0.00000000000000
