  0.900000000000000        92.3689521042953       0.216506756417528      -3.291192111590515E-005 -1.641515788516254E-003  0.449400701562931       0.107419478641701       0.324292398766468        0.00000000000000
  0.910000000000000        92.2978591196107       0.216681996654640      -1.928704461921574E-005 -1.656814904210944E-003  0.449898232814490       0.107967691962066       0.325018883779456        0.00000000000000
  0.920000000000000        92.2286949977957       0.216843440487973       6.613836273726291E-006 -1.672806144826436E-003  0.450327990489170       0.108459917861857       0.325675867177570        0.00000000000000
  0.930000000000000        92.1729314409560       0.216971796185436      -1.190945855407014E-005 -1.649542297873055E-003  0.450837967437514       0.109105068756214       0.326451699164921        0.00000000000000
  0.940000000000000        92.1184126386485       0.217099884048069      -6.251115366535632E-006 -1.666206738110034E-003  0.451247376032068       0.109486519650598       0.326963357805015        0.00000000000000
  0.950000000000000        92.0703279909017       0.217211569626592       4.836049684811632E-005 -1.665063812024283E-003  0.451671353955777       0.110042294745308       0.327633368946453        0.00000000000000
  0.960000000000000        92.0082997644926       0.217370563200667       1.961319063035993E-005 -1.684228235580641E-003  0.452111517778745       0.110459981770558       0.328209667800828        0.00000000000000
  0.970000000000000        91.9377021531139       0.217532998290133       1.678556836993949E-006 -1.671849976845843E-003  0.452595834094257       0.110969967424179       0.328885674780675        0.00000000000000
  0.980000000000000        91.8909433420002       0.217639531684892      -1.268649983942779E-005 -1.682073456345911E-003  0.452966390851590       0.111548543850108       0.329575570772534        0.00000000000000
  0.990000000000000        91.8446657563788       0.217750536458153      -1.863496573100950E-005 -1.678110673437645E-003  0.453386933556742       0.112017590596442       0.330155339032550        0.00000000000000
   1.00000000000000        91.7854570695891       0.217885679514915       3.343297126141330E-005 -1.683470034502970E-003  0.453779225264981       0.112424872654186       0.330700770526675        0.00000000000000
   1.01000000000000        91.7533142420149       0.217973575535984      -7.551801662840854E-006 -1.652378821066647E-003  0.454193643712286       0.112804156862152       0.331167602071730        0.00000000000000
   1.02000000000000        91.6877655301896       0.218122231266867       1.305615770569515E-005 -1.685504701422530E-003  0.454601466131839       0.113274813405356       0.331789703136046        0.00000000000000
   1.03000000000000        91.6454600689002       0.218224021455769       4.230865004891922E-006 -1.690484057698483E-003  0.454959915659272       0.113786461188878       0.332405889785045        0.00000000000000
   1.04000000000000        91.5999186010275       0.218328792378996       1.676202075485834E-005 -1.694539174586023E-003  0.455350827457256       0.114208741649385       0.332935488941394        0.00000000000000
   1.05000000000000        91.5618274731715       0.218421608113298       2.721723196741678E-005 -1.685055193270972E-003  0.455693533382229       0.114965038832112       0.333785948957494        0.00000000000000
   1.06000000000000        91.5159620046900       0.218532016703912      -4.039855528723673E-006 -1.634115454286296E-003  0.456014311438908       0.115278894628506       0.334212742502887        0.00000000000000
   1.07000000000000        91.4670515633968       0.218643378861775       8.211524289611688E-006 -1.668592407743515E-003  0.456398810132360       0.115664479454899       0.334711470723650        0.00000000000000
   1.08000000000000        91.4281776455488       0.218732045521133      -1.782422868574760E-005 -1.653984720065823E-003  0.456746318202100       0.116091405906708       0.335227443921744        0.00000000000000
   1.09000000000000        91.3951704471835       0.218816975755822       2.314879666288317E-006 -1.680003618872326E-003  0.457066642992658       0.116604793202895       0.335830188794661        0.00000000000000
   1.10000000000000        91.3509551612473       0.218926090284526       2.203628998889545E-005 -1.653617377502185E-003  0.457419938681144       0.117006897503661       0.336341751299332        0.00000000000000
   1.11000000000000        91.3155722546631       0.219013373562399       6.531063844217434E-006 -1.672380003193134E-003  0.457749569614126       0.117656770891280       0.337081206830337        0.00000000000000
   1.12000000000000        91.2892785771943       0.219075797212467       1.151630817710107E-005 -1.661145608856165E-003  0.458070963443234       0.117987304595086       0.337477097423254        0.00000000000000
   1.13000000000000        91.2714917744062       0.219122619887033       8.340507340778755E-008 -1.670770519208931E-003  0.458395102405056       0.118483162810878       0.338020608233407        0.00000000000000
   1.14000000000000        91.2429687691645       0.219187684564420       3.634147184819591E-005 -1.658268556067485E-003  0.458664875117420       0.118733369806652       0.338336043878132        0.00000000000000
   1.15000000000000        91.2002524139862       0.219289509331467      -1.164128529252840E-005 -1.646541333919794E-003  0.458976571610828       0.119083674592380       0.338790672898325        0.00000000000000
   1.16000000000000        91.1874313622307       0.219319212182092       3.286002889404350E-005 -1.661051979775245E-003  0.459241036633844       0.119665588231627       0.339405219071691        0.00000000000000
   1.17000000000000        91.1572412007289       0.219389655495484      -2.025477031979263E-006 -1.646466429822748E-003  0.459550343630725       0.120256328060771       0.340068215278379        0.00000000000000
   1.18000000000000        91.1332880519344       0.219447736967717      -1.549043458348434E-005 -1.653977628347766E-003  0.459811834859947       0.120603771938510       0.340475491588736        0.00000000000000
   1.19000000000000        91.1171419588357       0.219494118084303      -4.465447835031485E-005 -1.654939186897876E-003  0.460114289766119       0.121093940266502       0.341014260100626        0.00000000000000
   1.20000000000000        91.1006095104143       0.219533747484660       1.954368403369159E-006 -1.644370056454586E-003  0.460343333840460       0.121648069824417       0.341608795348989        0.00000000000000
   1.21000000000000        91.1014391845415       0.219527150023115      -3.071083855017783E-005 -1.639707414452017E-003  0.460602828957026       0.122202603614070       0.342159942044814        0.00000000000000
   1.22000000000000        91.0800040554556       0.219578983626998       1.888378136678100E-005 -1.603247229006454E-003  0.460863386956476       0.122443932399473       0.342451706429447        0.00000000000000
   1.23000000000000        91.0783102893849       0.219582599814279      -1.303656924983546E-005 -1.628159800548138E-003  0.461112121860777       0.123152437517098       0.343166899233092        0.00000000000000
   1.24000000000000        91.0494590748945       0.219652800371984       1.722061388333869E-005 -1.625844273820233E-003  0.461413323112851       0.123546357445378       0.343633648544094        0.00000000000000
   1.25000000000000        91.0224783541912       0.219713544278252      -2.223015358550115E-005 -1.608740282341275E-003  0.461653322687817       0.123754353857995       0.343904174090393        0.00000000000000
   1.26000000000000        91.0541452341181       0.219636305262060      -7.303937448576934E-007 -1.592797950185422E-003  0.461837657318114       0.124485477302092       0.344561536253395        0.00000000000000
   1.27000000000000        91.0493437721736       0.219651180870768      -4.190949630039272E-005 -1.559840760385160E-003  0.462068346024414       0.125057590977978       0.345146564828141        0.00000000000000
   1.28000000000000        91.0671362619118       0.219607621751717       1.404706919781550E-005 -1.544852356373104E-003  0.462264330531990       0.125336961718150       0.345386340124572        0.00000000000000
   1.29000000000000        91.0737827544536       0.219595168204442      -1.916583770941601E-006 -1.565430512015061E-003  0.462462575860376       0.126069464049496       0.346106215321948        0.00000000000000
   1.30000000000000        91.0770431080933       0.219588751961883      -1.524621720462704E-005 -1.539973360305385E-003  0.462670412532113       0.126627653430876       0.346662095847470        0.00000000000000
   1.31000000000000        91.1008287159988       0.219525128854309      -1.918789380975610E-006 -1.487105247618102E-003  0.462832105295401       0.127462639919131       0.347431508249570        0.00000000000000
   1.32000000000000        90.9773586103903       0.219833972167632       2.388268066003797E-005 -8.468339208804031E-004  0.462519962842107       0.130149527699422       0.350431219679563        0.00000000000000
   1.33000000000000        90.8926684039091       0.220041930999548      -2.221786166973212E-005 -3.662701699448289E-004  0.462346972763639       0.131949695641497       0.352440136067197        0.00000000000000
   1.34000000000000        90.9367971439945       0.219934320393124       6.764892635306390E-006 -2.858830562334608E-004  0.462510594666021       0.132521282767448       0.352908681445799        0.00000000000000
   1.35000000000000        90.9430108228521       0.219913509075053      -2.016484920249878E-005 -2.240059755879981E-004  0.462669463074173       0.133253433596569       0.353617605378636        0.00000000000000
   1.36000000000000        90.9689330429673       0.219849794618446       3.583373995454572E-005 -2.145868016547322E-004  0.462828849447103       0.133492355463456       0.353795406379601        0.00000000000000
   1.37000000000000        90.9570730630750       0.219879533446310      -2.499384008554727E-005 -2.226391464985903E-004  0.463082899814341       0.134125581950385       0.354460367137042        0.00000000000000
   1.38000000000000        90.9508572223239       0.219893951976336      -9.400769292987805E-006 -1.777536550519796E-004  0.463341771120578       0.134327993032002       0.354676310461421        0.00000000000000
   1.39000000000000        90.9966410853370       0.219786755913954       1.727129731114979E-005 -1.846213147896753E-004  0.463530951325468       0.135267855128697       0.355514170962890        0.00000000000000
   1.40000000000000        90.9955598903608       0.219778051974710      -5.321077021843581E-006 -2.182812639972632E-004  0.463737071283678       0.134898495207987       0.355133660966412        0.00000000000000
   1.41000000000000        91.0014368557082       0.219767510657606      -7.225074378362912E-006 -1.875062038167822E-004  0.463912613929450       0.135857760982360       0.356085774294204        0.00000000000000
   1.42000000000000        91.0221332546639       0.219721615697620      -3.242563693762896E-005 -1.636122896769686E-004  0.464128672264541       0.136639553823798       0.356824194700499        0.00000000000000
   1.43000000000000        91.0484226211001       0.219654162497659       1.994348136020331E-005 -1.676648793725332E-004  0.464310124520477       0.136808648020335       0.356923504552545        0.00000000000000
   1.44000000000000        91.0062449140342       0.219757798595333       1.975677470805675E-005 -1.713274454572626E-004  0.464521778092354       0.137322497374154       0.357545028049517        0.00000000000000
   1.45000000000000        91.0659843506971       0.219609388207372       4.150708589238286E-005 -1.362418783856004E-004  0.464670165771691       0.137731087657655       0.357806673655588        0.00000000000000
   1.46000000000000        91.0662612789479       0.219616994595843      -1.910201614730491E-005 -1.313433367600956E-004  0.464879181231490       0.138253347297345       0.358336503551790        0.00000000000000
   1.47000000000000        91.0608936532805       0.219628919749943       2.369673568160429E-005 -1.485987172979995E-004  0.465096077742012       0.138378763404804       0.358477807537675        0.00000000000000
   1.48000000000000        91.0910898458608       0.219554425957423      -2.222843778574048E-005 -1.665282920565258E-004  0.465273041603710       0.138855771486548       0.358880803316443        0.00000000000000
   1.49000000000000        91.1064307839442       0.219520515261403       2.432231725692118E-005 -1.402655927279814E-004  0.465427266208420       0.139718214290623       0.359709451533798        0.00000000000000
   1.50000000000000        91.1076988076426       0.219516274077536       1.539302807631011E-005 -1.462246281158619E-004  0.465595126606713       0.139606384030286       0.359597796401724        0.00000000000000
   1.51000000000000        91.1221003278574       0.219483300198149       6.435951299907819E-006 -1.127743929923211E-004  0.465791024034452       0.139956414788037       0.359913606467800        0.00000000000000
   1.52000000000000        91.1129330933780       0.219497383455756      -2.683792368516209E-005 -1.918122882287371E-004  0.465985227570653       0.140579374463448       0.360549417443410        0.00000000000000
   1.53000000000000        91.1230229877351       0.219471279180309      -1.604480419568156E-005 -2.014615193801497E-004  0.466179333187908       0.141228056935320       0.361175546044642        0.00000000000000
   1.54000000000000        91.1022233889722       0.219527262189743      -2.649853317743802E-008 -1.680592167843789E-004  0.466350300330591       0.141473470381763       0.361475606233108        0.00000000000000
   1.55000000000000        91.1053356215539       0.219516183448798       3.081747690905791E-005 -1.518734576855173E-004  0.466520876980312       0.141969156933709       0.361964666938649        0.00000000000000
   1.56000000000000        91.1298161115046       0.219470284430272      -4.820602795608122E-007 -1.295841667192159E-004  0.466690149116756       0.141740055446074       0.361688260795017        0.00000000000000
   1.57000000000000        91.1324345497949       0.219447282671183      -4.772285851059193E-005 -1.735945292437208E-004  0.466848296934230       0.142193336529819       0.362120099021653        0.00000000000000
   1.58000000000000        91.1453207286615       0.219421515104340      -2.166230352721083E-005 -1.730117182149986E-004  0.467019738439024       0.142598418669234       0.362502760954559        0.00000000000000
   1.59000000000000        91.1283290038802       0.219459793050079      -2.811931770450288E-005 -1.442108097216366E-004  0.467215706568121       0.143051643319740       0.362993785882595        0.00000000000000
   1.60000000000000        91.1565257817940       0.219406543673357       3.368621788929632E-005 -1.454104743323157E-004  0.467370228776948       0.143050646361461       0.362944049555103        0.00000000000000
   1.61000000000000        91.1221580449648       0.219485052936799       3.350608244584097E-005 -1.616725314666973E-004  0.467546507417583       0.143386036689418       0.363357373186359        0.00000000000000
   1.62000000000000        91.1651245644697       0.219376000132844      -1.853435107505828E-005 -2.145586981286409E-004  0.467709951986041       0.143905693495120       0.363769217062061        0.00000000000000
   1.63000000000000        91.1310272080697       0.219457051752534      -2.759823043017119E-006 -8.788575905937462E-005  0.467894178656926       0.144667865990436       0.364614620198211        0.00000000000000
   1.64000000000000        91.1657825969376       0.219374319807272      -4.718707175586976E-005 -1.403492327804528E-004  0.468038973578870       0.144539299786899       0.364404529348778        0.00000000000000
   1.65000000000000        91.1538251875400       0.219404403451813      -2.195717439469407E-005 -1.261337109071341E-004  0.468215337115402       0.145029709126738       0.364927232963057        0.00000000000000
   1.66000000000000        91.1507211841050       0.219412600681179       5.715869809229604E-007 -1.525746634604810E-004  0.468394837085926       0.145558635893998       0.365464413893369        0.00000000000000
   1.67000000000000        91.1926407074560       0.219309282937447      -6.604690922082380E-006 -1.159369949389027E-004  0.468468041166801       0.146070651405836       0.365873784335333        0.00000000000000
   1.68000000000000        91.1354221348480       0.219449018483634      -1.189001522386670E-005 -1.782842013179117E-004  0.468707995815759       0.145784284881414       0.365728368453518        0.00000000000000
   1.69000000000000        91.1848100154679       0.219332827529162       6.437927692034682E-006 -1.417709635515639E-004  0.468816139792317       0.145898419959789       0.365725022019300        0.00000000000000
   1.70000000000000        91.1814842560092       0.219334208234187      -1.322760675568029E-005 -1.301561803921047E-004  0.468976182147948       0.146757103064651       0.366585566729578        0.00000000000000
   1.71000000000000        91.1858839297158       0.219325828905660      -1.946119231289420E-006 -1.863225828923147E-004  0.469095555490597       0.147020556967312       0.366844962982416        0.00000000000000
   1.72000000000000        91.1332421325494       0.219454376916339      -1.946010539151969E-005 -1.347175210894395E-004  0.469279998272014       0.146919307400203       0.366871600705672        0.00000000000000
   1.73000000000000        91.1610730225695       0.219385488616106      -9.944140575254215E-006 -1.160701603612749E-004  0.469399129481603       0.147490355082679       0.367376342716809        0.00000000000000
   1.74000000000000        91.1740828916647       0.219354008633917      -4.254338975353494E-005 -1.832901674392597E-004  0.469579433416448       0.147943107334936       0.367798410284781        0.00000000000000
   1.75000000000000        91.1894642702371       0.219319578295698       1.209016092055131E-005 -1.660182432975330E-004  0.469723518137221       0.148160211023459       0.367982443606279        0.00000000000000
   1.76000000000000        91.1867615371092       0.219329758586660       4.299904129944865E-006 -1.729691415869911E-004  0.469882085939840       0.148118605164381       0.367953277098342        0.00000000000000
   1.77000000000000        91.2012813914282       0.219288009016589      -3.519668825477990E-005 -1.863262317071379E-004  0.469984518525810       0.148581397901810       0.368373710199973        0.00000000000000
   1.78000000000000        91.1607960596566       0.219384791910474      -4.101324551702224E-005 -1.522569440187013E-004  0.470176085911508       0.148655180142815       0.368546921716527        0.00000000000000
   1.79000000000000        91.1717508210793       0.219366920096377       2.510699575744540E-005 -1.466368613303164E-004  0.470271227697235       0.149425926169776       0.369298347402532        0.00000000000000
   1.80000000000000        91.1846828078297       0.219329216863840       3.599702525378091E-006 -1.371753220485163E-004  0.470403514737966       0.149772687872842       0.369609533527678        0.00000000000000



