  0.900000000000000        107.064805095576       0.186757024265817       4.868422072240436E-005 -1.696256463983967E-003  0.439766940522257       0.122049653699663       0.309179914401682        0.00000000000000
  0.910000000000000        106.941689060476       0.186983533309427       2.158124095759657E-005 -1.699673222569019E-003  0.440362658416153       0.122637761971760       0.309995654435108        0.00000000000000
  0.920000000000000        106.832597617488       0.187174783040233      -6.258534633185024E-006 -1.693383106268819E-003  0.440922740777472       0.123174351811557       0.310728424260877        0.00000000000000
  0.930000000000000        106.710173292397       0.187377957397883       3.653679606573294E-005 -1.689088063598228E-003  0.441497748611949       0.123789037965051       0.311547763398493        0.00000000000000
  0.940000000000000        106.592273383626       0.187582822813356      -1.584030865025098E-005 -1.703766410624354E-003  0.442039621773471       0.124127840191337       0.312091919854314        0.00000000000000
  0.950000000000000        106.454955645908       0.187831767074827      -2.519079144650597E-005 -1.706431620929382E-003  0.442630885780303       0.124628728411453       0.312848360791264        0.00000000000000
  0.960000000000000        106.358542751796       0.187999775255528       3.642851528971412E-005 -1.694469653252784E-003  0.443108489234179       0.125197316928056       0.313584491242632        0.00000000000000
  0.970000000000000        106.242295705126       0.188206096520156      -2.064221516285720E-005 -1.686720573225096E-003  0.443694901907289       0.125687016670025       0.314281946079635        0.00000000000000
  0.980000000000000        106.110209086601       0.188440210243294       8.908522413441731E-006 -1.706737729459210E-003  0.444206579214942       0.126073395498837       0.314905448035513        0.00000000000000
  0.990000000000000        106.014950054694       0.188610696379063      -5.212677484383216E-007 -1.697289533986222E-003  0.444709960341268       0.126657372280358       0.315661827840874        0.00000000000000
   1.00000000000000        105.911992822248       0.188794733421367       3.892807274315168E-005 -1.694019807099181E-003  0.445206550803580       0.127072162852788       0.316261127317368        0.00000000000000
   1.01000000000000        105.769366624566       0.189045886471836       2.047878595925101E-005 -1.706606045963940E-003  0.445707005952708       0.127426128293576       0.316871514032090        0.00000000000000
   1.02000000000000        105.657613006101       0.189241783209151       9.418371190328298E-006 -1.690143645172014E-003  0.446164753166809       0.127868558944737       0.317511609599818        0.00000000000000
   1.03000000000000        105.551867184219       0.189439770452600       1.876527102506339E-005 -1.690963367611355E-003  0.446693541527405       0.128378007343858       0.318220887785714        0.00000000000000
   1.04000000000000        105.447660746465       0.189629389242977      -1.936958108965053E-005 -1.683382003268088E-003  0.447151009205532       0.128837674786973       0.318870269985040        0.00000000000000
   1.05000000000000        105.337140995783       0.189832353015473      -4.596777179565984E-006 -1.698503766595596E-003  0.447583749225924       0.129265141651594       0.319505983598429        0.00000000000000
   1.06000000000000        105.228681735846       0.190018407813938       2.405461258436201E-005 -1.686381349209359E-003  0.448010203031647       0.129649464967131       0.320076973599452        0.00000000000000
   1.07000000000000        105.115167192460       0.190222742142880      -8.882724004307181E-006 -1.677410715384707E-003  0.448488636579995       0.130011021882595       0.320644726698306        0.00000000000000
   1.08000000000000        105.026173407770       0.190388616454697       2.663367590966477E-005 -1.675645778823598E-003  0.448922113734783       0.130406614283223       0.321208943132565        0.00000000000000
   1.09000000000000        104.925647933135       0.190576132250283       9.602501610064651E-006 -1.673819450127710E-003  0.449329445188651       0.130750995386841       0.321741513255605        0.00000000000000
   1.10000000000000        104.779350179308       0.190838781448939      -4.545286460814186E-006 -1.662934134144974E-003  0.449810400261846       0.131248369839928       0.322504433068218        0.00000000000000
   1.11000000000000        104.679342023187       0.191023517859582      -1.939090346516419E-005 -1.653610247434972E-003  0.450204945113319       0.131498927411862       0.322945037105359        0.00000000000000
   1.12000000000000        104.560174450187       0.191231036636851       1.185027111805297E-006 -1.647417667505763E-003  0.450643160274216       0.131945606193738       0.323597088440948        0.00000000000000
   1.13000000000000        104.438324791450       0.191456981560896       2.887156789544859E-005 -1.635227960544382E-003  0.451018710822490       0.132286009849564       0.324167873363402        0.00000000000000
   1.14000000000000        104.356492723423       0.191613366418356      -4.539105020743274E-006 -1.654445728447982E-003  0.451419987487940       0.132668007938801       0.324709103753234        0.00000000000000
   1.15000000000000        104.227043610778       0.191845729520457      -1.544500575297045E-005 -1.618839443712122E-003  0.451822412740648       0.133126910142328       0.325400890838299        0.00000000000000
   1.16000000000000        104.137724826960       0.192012411698443       3.396489268969617E-005 -1.618508063226084E-003  0.452202853837858       0.133408843235048       0.325853474885541        0.00000000000000
   1.17000000000000        103.982741390987       0.192292362688725      -7.808846033953988E-006 -1.595817778173116E-003  0.452631667733343       0.133798867196416       0.326521831411178        0.00000000000000
   1.18000000000000        103.865858587835       0.192523998089414       3.057275643567903E-005 -1.615283907492161E-003  0.453020391683055       0.134161410744648       0.327118664282233        0.00000000000000
   1.19000000000000        103.749492523864       0.192731763081689       3.636000852354912E-006 -1.577679429137220E-003  0.453360268785869       0.134341053036611       0.327508816601684        0.00000000000000
   1.20000000000000        103.595245257650       0.193018024069550      -1.033841783892997E-006 -1.561790685625228E-003  0.453759687408899       0.134886219486083       0.328342169757928        0.00000000000000
   1.21000000000000        103.477847637850       0.193236331767139      -3.723211077083616E-006 -1.592878034834375E-003  0.454140552038235       0.135147083854475       0.328820551887480        0.00000000000000
   1.22000000000000        103.340599781940       0.193496693262756       3.080201733495162E-005 -1.554307078612107E-003  0.454522875586747       0.135277983538474       0.329214741558084        0.00000000000000
   1.23000000000000        103.213953671608       0.193738588316172      -5.389161168343320E-006 -1.566985580000621E-003  0.454888434901364       0.135819984004418       0.329996990926865        0.00000000000000
   1.24000000000000        103.059758510157       0.194028646288026      -2.482742348226044E-005 -1.523557702389481E-003  0.455250475511041       0.136079544064218       0.330551374541117        0.00000000000000
   1.25000000000000        102.901346384307       0.194327670089513      -1.606130278014975E-006 -1.522752482488183E-003  0.455588941136400       0.136363935319320       0.331135953100619        0.00000000000000
   1.26000000000000        102.774527074332       0.194562454393636      -5.224000676723920E-006 -1.493137964108448E-003  0.455934489593255       0.136644476311008       0.331654671714194        0.00000000000000
   1.27000000000000        102.551904514943       0.194982224404775       7.065807565874350E-008 -1.457480603325516E-003  0.456311910850883       0.136785336132308       0.332215199537202        0.00000000000000
   1.28000000000000        102.400364270789       0.195272024134712      -1.680681474442451E-005 -1.429869612479986E-003  0.456665664001781       0.137170876343732       0.332893003147530        0.00000000000000
   1.29000000000000        102.203362731835       0.195656643033465      -3.146405804379040E-005 -1.440776914301297E-003  0.457005922243136       0.137574457082842       0.333681198695018        0.00000000000000
   1.30000000000000        101.991512244590       0.196066086013412      -1.014173884031926E-005 -1.418024477452377E-003  0.457418281687382       0.137794111121164       0.334315353244749        0.00000000000000
   1.31000000000000        101.452990263206       0.197101515778738      -1.715358939065529E-006 -1.280209969603336E-003  0.457909786626981       0.137766034752615       0.335319968455046        0.00000000000000
   1.32000000000000        98.8271278853214       0.202340684987733       3.049293021253935E-005 -7.065777784367792E-004  0.459148883449082       0.135714862206934       0.338512547776362        0.00000000000000
   1.33000000000000        94.8813992648281       0.210767296323143      -3.309105133690197E-005  2.435485059473407E-004  0.460914280592640       0.131719386954165       0.342941409346425        0.00000000000000
   1.34000000000000        94.5671687289306       0.211466847901973       1.371631575330943E-005  3.492723465773947E-004  0.461269180808873       0.131612696045599       0.343535781657039        0.00000000000000
   1.35000000000000        94.3506257968759       0.211959457074018       2.405005522136690E-005  4.186545148654631E-004  0.461577000129722       0.131789925104236       0.344206474218846        0.00000000000000
   1.36000000000000        94.3061114380090       0.212046575498258      -2.127244190618490E-005  4.253510097539485E-004  0.461798910337310       0.132175995365055       0.344679834743902        0.00000000000000
   1.37000000000000        94.2314763145401       0.212213012769761      -1.961429565262050E-005  4.214806870359623E-004  0.462058346076051       0.132472458491719       0.345145655372532        0.00000000000000
   1.38000000000000        94.1327086696913       0.212450051776173       2.810772998728476E-006  4.525040404099000E-004  0.462352737403286       0.132871615331732       0.345784631238377        0.00000000000000
   1.39000000000000        94.0751595962259       0.212565461875382      -5.376839576581253E-005  4.195760154493598E-004  0.462585814370200       0.133095641416418       0.346121423720158        0.00000000000000
   1.40000000000000        94.0203944105712       0.212696130141119       2.961680743748420E-006  4.482356324243028E-004  0.462834251300044       0.133458476539728       0.346619282015884        0.00000000000000
   1.41000000000000        93.9869624408638       0.212770440319322       1.221569890442642E-006  4.504037651770824E-004  0.463083749620754       0.133776076875376       0.347011494247903        0.00000000000000
   1.42000000000000        93.9570113182863       0.212830433880137       3.142584036248426E-005  3.702030445225621E-004  0.463298440590818       0.134293779320887       0.347586807475582        0.00000000000000
   1.43000000000000        93.9080544143483       0.212950281273370      -1.157016826868465E-005  4.269510224307271E-004  0.463536322133733       0.134456999475619       0.347874759748863        0.00000000000000
   1.44000000000000        93.8445533651765       0.213095099608774      -8.823595387623653E-006  4.395058706305169E-004  0.463784547198629       0.134817846437690       0.348379798693723        0.00000000000000
   1.45000000000000        93.7594614719952       0.213281793740796      -2.044673213164931E-005  4.047605032052340E-004  0.464004562979045       0.134948164760583       0.348701076603793        0.00000000000000
   1.46000000000000        93.7757399774831       0.213247030632492       2.441206985669979E-005  4.066696083496002E-004  0.464183969614820       0.135451285326062       0.349167331362701        0.00000000000000
   1.47000000000000        93.6903461245830       0.213444144899403      -5.142793240650422E-006  4.374225295977207E-004  0.464502527589139       0.135728453023084       0.349646962000793        0.00000000000000
   1.48000000000000        93.6612785425924       0.213508678400650       4.067329267451244E-005  3.966442478758257E-004  0.464679182778053       0.136094558924654       0.350074946392941        0.00000000000000
   1.49000000000000        93.5980864012362       0.213651127460499       1.574093934609463E-005  4.284905958510200E-004  0.464907913283199       0.136226601282412       0.350355431182447        0.00000000000000
   1.50000000000000        93.5574398294337       0.213754085221479      -9.776324895609503E-006  4.289281914498002E-004  0.465085002481222       0.136549116641818       0.350780372018380        0.00000000000000
   1.51000000000000        93.5426957512689       0.213788473036142      -2.123137885971825E-005  4.471423193133731E-004  0.465337203825380       0.137119698989484       0.351383966031080        0.00000000000000
   1.52000000000000        93.4750399636201       0.213937307002988      -1.777001937040082E-005  3.990236806352134E-004  0.465557017518910       0.136811527478949       0.351226078675643        0.00000000000000
   1.53000000000000        93.4750276775934       0.213942087142861      -3.486950554352182E-005  3.898450233915937E-004  0.465719779764013       0.137287133720998       0.351708616068246        0.00000000000000
   1.54000000000000        93.4564397826306       0.213978729789325      -1.300990841771653E-005  3.839491112789540E-004  0.465900096588456       0.137806330480303       0.352268528650327        0.00000000000000
   1.55000000000000        93.3852262805476       0.214143002334345      -1.790922361439356E-005  4.013922767627334E-004  0.466133286093769       0.137917490270801       0.352544167450497        0.00000000000000
   1.56000000000000        93.3378672750566       0.214262395756213       8.657792414799980E-006  4.259969943953811E-004  0.466321923680701       0.138166780383606       0.352915119894928        0.00000000000000
   1.57000000000000        93.3140484889290       0.214309169689779       4.053013977238933E-006  4.033533691015044E-004  0.466551213388283       0.138407580085938       0.353205849073508        0.00000000000000
   1.58000000000000        93.2494640924986       0.214456401548117      -1.380488538806488E-005  3.917702051124150E-004  0.466720021558714       0.138658479136430       0.353603043676756        0.00000000000000
   1.59000000000000        93.2031718249958       0.214560752218319      -5.122464564593365E-005  3.632793169300766E-004  0.466940181811230       0.139128983811394       0.354179511906773        0.00000000000000
   1.60000000000000        93.2154917197204       0.214528305001018      -1.788523391391639E-005  3.907919984846430E-004  0.467134271481735       0.139080113614169       0.354098934337643        0.00000000000000
   1.61000000000000        93.1970311665160       0.214580372204245       2.248002210707265E-005  3.698528733873161E-004  0.467277968742655       0.139475825720827       0.354551391951119        0.00000000000000
   1.62000000000000        93.1739354716796       0.214626503810845       8.295711841851768E-006  3.422215368776025E-004  0.467468908700790       0.139467099754067       0.354587810670399        0.00000000000000
   1.63000000000000        93.1334035779873       0.214717218519926      -2.936568632053394E-005  3.411842939835571E-004  0.467669723516532       0.140284274190896       0.355495595843487        0.00000000000000
   1.64000000000000        93.0652799153064       0.214875874643272      -1.433871902610868E-005  3.655140132860600E-004  0.467839479281295       0.140252598990836       0.355621957000723        0.00000000000000
   1.65000000000000        93.0803191921535       0.214846810833012      -2.027322352943921E-005  3.552694659800293E-004  0.468023745224259       0.140754311444386       0.356097388773982        0.00000000000000
   1.66000000000000        93.0269938191727       0.214970176697261       2.144370280601346E-005  3.733582161227178E-004  0.468201691360085       0.140731487277119       0.356198949912502        0.00000000000000
   1.67000000000000        92.9809099688235       0.215070067661122       2.095412179359943E-005  3.100048063564665E-004  0.468402790011844       0.141059412720826       0.356627518739283        0.00000000000000
   1.68000000000000        92.9412540521145       0.215163690431731       1.106750925245965E-006  2.998758842252291E-004  0.468580429588738       0.140990222717825       0.356653822464843        0.00000000000000
   1.69000000000000        92.9721093822823       0.215095914999497      -1.861483716872744E-006  3.653203357485258E-004  0.468733987922864       0.141618347086953       0.357214387880646        0.00000000000000
   1.70000000000000        92.9321730887630       0.215187196083493       5.199860310951582E-006  3.675538963596061E-004  0.468855879043972       0.141709076787030       0.357396972336803        0.00000000000000
   1.71000000000000        92.8689783112811       0.215328601740960      -5.402710441171730E-007  3.493257343912152E-004  0.469081874100630       0.141897454238130       0.357729871441646        0.00000000000000
   1.72000000000000        92.9103591659514       0.215233140310346      -1.134353277420734E-005  3.448790244872305E-004  0.469168111802080       0.142277559677191       0.358017942245475        0.00000000000000
   1.73000000000000        92.8506904331304       0.215368149447905       1.407847840059424E-005  3.334436584698396E-004  0.469388998709281       0.142288664788099       0.358162820200066        0.00000000000000
   1.74000000000000        92.8374132225714       0.215405449148177       1.888230827182176E-005  3.499374683005650E-004  0.469533236781083       0.142537886291140       0.358447525289145        0.00000000000000
   1.75000000000000        92.7812699416965       0.215539746945262      -7.579483572327918E-006  3.125275263326918E-004  0.469729450703075       0.142788088406872       0.358835362948297        0.00000000000000
   1.76000000000000        92.7197609019587       0.215683422323574       4.755801632963949E-005  3.578166832026292E-004  0.469910936195899       0.142769080301135       0.358960056979553        0.00000000000000
   1.77000000000000        92.7194022215841       0.215684798266354      -5.704667741808983E-005  3.660118474919947E-004  0.470037586239681       0.143229508546701       0.359419874926659        0.00000000000000
   1.78000000000000        92.7141726420384       0.215700831992525      -8.188546227086505E-006  3.273973790785009E-004  0.470215143572414       0.143418368438881       0.359627607947294        0.00000000000000
   1.79000000000000        92.6822842080652       0.215769992117179       1.425764319203148E-005  3.275371334158693E-004  0.470351424690356       0.143903921792928       0.360181606618446        0.00000000000000
   1.80000000000000        92.6679212873683       0.215806836036880      -4.854246370224219E-006  3.231685679910549E-004  0.470451674711803       0.143891724426540       0.360207094800812        0.00000000000000
