  0.900000000000000        116.114705635509       0.172221313736271      -7.994997167574900E-006 -2.538857858959978E-003  0.415998622957825       7.965473151024205E-002  0.252299222879095        0.00000000000000
  0.918000000000000        115.748257891898       0.172766347064609      -9.069430538099522E-006 -2.540398080469075E-003  0.417519742142551       8.104517028237075E-002  0.254237678019795        0.00000000000000
  0.936000000000000        115.404219396308       0.173292443467491       1.993514132227198E-005 -2.560160808522839E-003  0.418982864693362       8.268613091725972E-002  0.256407742990119        0.00000000000000
  0.954000000000000        115.121570810851       0.173712220847323      -2.481244451432233E-005 -2.566324955448797E-003  0.420378151058783       8.419398751817585E-002  0.258340691924626        0.00000000000000
  0.972000000000000        114.844130739040       0.174124843994153      -8.374395564048269E-006 -2.613621316149722E-003  0.421650911071960       8.549724810339895E-002  0.260059663025788        0.00000000000000
  0.990000000000000        114.549432891835       0.174585981608046      -2.286065222842523E-006 -2.590889624174210E-003  0.423027041744969       8.730389279097280E-002  0.262331257003525        0.00000000000000
   1.00800000000000        114.320682077380       0.174919232510128       1.150230161549760E-005 -2.622941640148200E-003  0.424198038668805       8.893936743184785E-002  0.264305453540884        0.00000000000000
   1.02600000000000        114.116043965045       0.175236257245037       6.399703354013751E-006 -2.605008223952922E-003  0.425342607281281       9.005341704730178E-002  0.265739201858291        0.00000000000000
   1.04400000000000        113.875456007855       0.175603237896991      -1.099812030108348E-005 -2.642264859687933E-003  0.426498796633149       9.172500563873230E-002  0.267782222612147        0.00000000000000
   1.06200000000000        113.774577781824       0.175763833724389       3.995254491717595E-005 -2.624342052185984E-003  0.427488907910213       9.325942618831297E-002  0.269480788903021        0.00000000000000
   1.08000000000000        113.621354345876       0.176009278790817      -3.915074969650207E-005 -2.642807315153865E-003  0.428537942103031       9.476678449506071E-002  0.271236194656292        0.00000000000000
   1.09800000000000        113.505248734307       0.176187215342679      -1.767533386444934E-005 -2.676827445582513E-003  0.429495580144959       9.630587784345877E-002  0.272954994615121        0.00000000000000
   1.11600000000000        113.348537830022       0.176424365638865      -1.461443156407418E-005 -2.665132102851932E-003  0.430460084763045       9.812428766548335E-002  0.275014836040906        0.00000000000000
   1.13400000000000        113.296082596259       0.176511895088439       1.908450793710430E-005 -2.624786401135234E-003  0.431320834674923       9.959500918335555E-002  0.276576713013025        0.00000000000000
   1.15200000000000        113.192508448307       0.176672622795178       2.625586316098272E-005 -2.645504742539126E-003  0.432192474029548       0.100925994971697       0.278072013337434        0.00000000000000
   1.17000000000000        113.226934971119       0.176621870073010      -1.261566085919848E-005 -2.660136695858409E-003  0.432885388391403       0.103107008473163       0.280206760952301        0.00000000000000
   1.18800000000000        113.223818668325       0.176629771907115      -2.630182877253440E-006 -2.624109240942861E-003  0.433658232928547       0.104846658875658       0.281956365067317        0.00000000000000
   1.20600000000000        113.245047214091       0.176593465720828       1.597882132800758E-005 -2.661478915967526E-003  0.434348944809860       0.106777621487381       0.283854330404130        0.00000000000000
   1.22400000000000        113.285994446635       0.176526475201191       1.045176106682236E-006 -2.662323825941011E-003  0.435071307985702       0.108456517808068       0.285470813692149        0.00000000000000
   1.24200000000000        113.570078608703       0.176093108378223       2.330719894112521E-005 -2.610914586130523E-003  0.435464462214175       0.110864707439813       0.287448966857327        0.00000000000000
   1.26000000000000        113.677109802188       0.175931082761727       1.445024355196556E-005 -2.624458657806087E-003  0.436025362229230       0.112958101046462       0.289383137979300        0.00000000000000
   1.27800000000000        113.881093583201       0.175603901533907      -3.256380894894661E-005 -2.601496231293243E-003  0.436439823554728       0.115257548718092       0.291356958101355        0.00000000000000
   1.29600000000000        114.297344134520       0.174972466238117      -5.863247899876465E-006 -2.526490149196273E-003  0.436739412234854       0.118348786389238       0.293822293210840        0.00000000000000
   1.31400000000000        114.838177248384       0.174149181989053       2.785622648024014E-005 -2.467528094306080E-003  0.436819339671406       0.121815015653934       0.296466369953668        0.00000000000000
   1.33200000000000        120.371003850528       0.166157348349305       1.333120475180712E-005 -4.397951617440012E-004  0.430703556040542       0.140110594563238       0.306776537770570        0.00000000000000
   1.35000000000000        120.523675638803       0.165943212090656       2.751342673080971E-005 -3.547369662476009E-004  0.431234226487323       0.141496885686693       0.307955608438064        0.00000000000000
   1.36800000000000        120.660111385910       0.165759169758288       3.725162027934734E-005 -2.745398472115610E-004  0.431844903138958       0.143717937696223       0.309996363060858        0.00000000000000
   1.38600000000000        120.769523961260       0.165601304662774       4.376447311998882E-005 -2.224925434763332E-004  0.432491371680156       0.145193375857900       0.311316158239819        0.00000000000000
   1.40400000000000        121.204795879273       0.165015291087762      -3.119634232506512E-006 -2.758229961886586E-004  0.432910575616514       0.147605101938042       0.313145886258775        0.00000000000000
   1.42200000000000        121.433094339512       0.164703421863566       3.100961611508483E-005 -1.157503509912533E-004  0.433468538914108       0.148928388422218       0.314160648578330        0.00000000000000
   1.44000000000000        121.515090996336       0.164582075572379      -9.062525929017974E-006 -1.496638797370087E-004  0.434074809028486       0.150938020246503       0.316047694539666        0.00000000000000
   1.45800000000000        121.651808675204       0.164404794338194      -6.762025539181506E-005 -1.028554937450585E-004  0.434702932987335       0.153654572904441       0.318591328233151        0.00000000000000
   1.47600000000000        121.710870798502       0.164333900558347      -7.407607755214954E-006 -8.591697891119995E-005  0.435306289293846       0.153798888232457       0.318666831385709        0.00000000000000
   1.49400000000000        121.714408989331       0.164317490135478       6.444766474965021E-005 -1.519344891664603E-004  0.436003739553470       0.155334851540271       0.320189567797903        0.00000000000000
   1.51200000000000        121.834442105842       0.164160929379923      -7.982554609508268E-005 -7.263203866936630E-005  0.436471126162213       0.157208474785535       0.321908939949016        0.00000000000000
   1.53000000000000        122.024467457978       0.163904698006908      -4.014713121036524E-005 -2.249168917780995E-004  0.437007091210332       0.158391351456517       0.322843088209186        0.00000000000000
   1.54800000000000        121.960040565345       0.163985982671564      -5.138602201910969E-005 -1.771612151961908E-004  0.437630402963608       0.159725120460531       0.324255699765709        0.00000000000000
   1.56600000000000        122.225877183170       0.163640983784405       9.311695294376979E-005 -2.371414111269454E-005  0.438087850531053       0.161043853340558       0.325233071284479        0.00000000000000
   1.58400000000000        122.270169903197       0.163573198869848       4.106690480869553E-005 -1.500890745727444E-004  0.438645461217522       0.162491245949478       0.326615849364491        0.00000000000000
   1.60200000000000        122.152221130802       0.163740507474239      -3.419503590768800E-005 -1.333667286202206E-004  0.439287164431343       0.163544223130100       0.327835574362476        0.00000000000000
   1.62000000000000        122.261325491082       0.163590309129815      -5.425739146106958E-005 -1.612684256295762E-004  0.439759752515050       0.164923721783311       0.329068926247101        0.00000000000000
   1.63800000000000        122.425140237748       0.163359556470931      -2.258011583174590E-006 -1.395664802717251E-004  0.440262971662453       0.166438488329871       0.330354702603754        0.00000000000000
   1.65600000000000        122.530208239199       0.163226060584295      -1.551508863332939E-005 -2.515228589508547E-004  0.440743143312787       0.168383827656974       0.332169472707063        0.00000000000000
   1.67400000000000        122.506357783826       0.163256363861774      -3.072719369609679E-005 -1.239631554853377E-004  0.441274924818991       0.169170852834946       0.332989382158252        0.00000000000000
   1.69200000000000        122.489413959849       0.163277120278449       1.541693945930350E-005 -2.146397205182070E-004  0.441769808035290       0.169764788924633       0.333607942122594        0.00000000000000
   1.71000000000000        122.550792799646       0.163200183317355      -5.027703670667951E-005 -1.996171726882740E-004  0.442283705718374       0.171226848091382       0.334992483152692        0.00000000000000
   1.72800000000000        122.754676565736       0.162924102843022      -4.347716745119644E-005 -1.783296985915682E-004  0.442703863719924       0.173357352836679       0.336848612950904        0.00000000000000
   1.74600000000000        122.757523129251       0.162923568104354       4.787372193596831E-005 -2.474411150950018E-004  0.443241637283731       0.173067391942984       0.336559868184123        0.00000000000000
   1.76400000000000        122.704718983315       0.162983189872715      -3.971183381667726E-005 -1.593065027127004E-004  0.443682612273342       0.174851388767197       0.338409185455959        0.00000000000000
   1.78200000000000        122.824283605601       0.162829120130173       8.554487964868804E-005 -1.928010619606166E-004  0.444136726353755       0.175129221595481       0.338533711365809        0.00000000000000
   1.80000000000000        122.779775104818       0.162896050340258      -1.287711295552731E-005 -1.779465291257227E-004  0.444629725032446       0.175937734866787       0.339413636616007        0.00000000000000
